-0.30428
-0.432724
0.0898472
-0.170645
-0.789881
-0.362663
-0.319736
-0.180633
-0.30515
-0.0776992
-0.0823645
0.0144795
-0.0555599
-0.483132
0.0047218
0.183612
-0.127963
0.0132669
-0.596413
-0.161802
0.286213
-0.355068
0.213016
-0.136931
0.0473482
0.0518653
-0.404006
-0.198559
0.111945
0.139285
-0.0181363
-0.555699
-0.242396
-0.0677119
-0.0115701
-0.590849
0.0642221
-0.0998043
0.148845
-0.186237
-0.163171
-0.403259
-0.266739
0.0784383
-0.341484
-0.21586
-0.201695
0.137679
0.0542646
-0.336895
-0.188243
-0.190252
0.00373862
-0.34939
-0.238245
0.210009
-0.415174
-0.204113
-0.283305
-0.283768
-0.00322753
-0.30713
-0.265998
0.0240641
-0.132396
0.183044
-0.106067
-0.267259
0.0925849
-0.24546
-0.308806
-0.157613
-0.0056734
-0.556274
-0.152036
-0.859622
-0.0298901
-0.123147
-0.347255
-0.163995
-0.551276
0.208337
-0.36901
-0.397998
0.089415
0.154082
-0.314745
0.542372
-0.0129359
-0.186853
-0.455291
-0.528104
-0.0637547
-0.373476
-0.00311423
-0.0580285
-0.565357
0.199216
-0.117955
-0.573682
0.0380919
-0.158143
-0.317142
-0.110449
-0.0470107
-0.223657
0.0951635
-0.314901
-0.130008
-0.162597
-0.0422984
-0.214122
-0.2919
-0.316571
-0.132992
-0.10349
-0.396133
-0.375615
-0.364048
-0.528844
-0.419856
-0.382484
0.0512943
-0.472036
-0.506322
-0.109837
0.010077
-0.0370744
-0.1277
0.0297019
-0.123345
-0.0839329
-0.0970338
-0.0047045
-0.197044
0.0249789
-0.0453149
-0.0507399
