-0.0649314
-0.0470766
-0.157014
-0.173991
-0.0729063
-0.0149678
-0.0154075
-0.122027
-0.126857
-0.0288443
-0.12975
-0.0293363
-0.0819498
-0.206835
-0.18791
-0.135346
-0.11629
-0.0380683
-0.0744706
-0.123114
-0.171075
-0.0357863
-0.0532628
-0.105634
-0.0817673
-0.0565673
-0.0513095
0.0764527
-0.0409164
0.00476312
2.5795e-05
-0.100484
-0.0161247
0.0511163
-0.0316671
-0.0489864
-0.0343099
-0.0905943
0.0617319
0.0127864
0.00560335
0.0795373
0.0926011
-0.0120075
-0.0217604
-0.0833625
-0.0418439
-0.0598065
0.0910501
0.0950195
