-0.793279
-0.946084
0.0373682
0.137469
-0.770161
-0.974092
0.692253
0.422523
0.900311
0.78132
0.111115
0.494503
0.348369
-0.0951099
-0.0895672
0.444011
-0.756652
0.978293
-0.418911
-0.943391
-0.0461547
-0.554567
0.985436
-0.811391
-0.602275
0.467859
-0.142862
0.995298
-0.260635
0.560041
-0.947493
-0.332976
-0.932831
-0.113716
-0.553497
-0.271438
0.572126
0.739446
0.818991
0.0224652
-0.662409
0.113658
0.523543
-0.746488
-0.626078
-0.771966
0.592246
-0.282902
-0.824777
-0.935026
0.721777
0.806764
-0.210293
-0.275233
-0.131403
-0.801564
0.600178
0.441593
0.865569
-0.721201
0.326886
-0.302683
0.969042
0.540066
-0.544205
0.0412831
-0.584495
0.814085
-0.379574
0.0792538
-0.904893
0.677665
