-0.0336718
-0.0420404
0.0419449
0.00125122
-0.0985546
-0.0311283
-0.0464638
-0.0972156
0.0144405
-0.0263234
-0.071208
-0.0256335
-0.0856965
-0.0988167
0.0913869
0.0350727
-0.0129056
-0.049346
-0.0289595
-0.0935941
0.0398222
0.0973563
-0.089813
0.0154415
-0.029457
0.0406547
0.0719026
0.00920821
0.0728003
0.019185
0.0169436
0.00384778
0.0127588
-0.0831809
-0.0835803
-0.0725332
0.0382148
-0.0119866
0.0687192
-0.0130547
0.0421473
0.0642109
-0.0706701
0.0146473
0.0581353
0.043511
0.0118393
-0.066576
-0.0644276
-0.024778
-0.0306448
-0.0468703
-0.0171907
-0.0038382
0.0963961
-0.0391866
-0.0346751
0.0159741
0.0585647
-0.0236392
0.0750042
-0.0964936
0.0234912
-0.0793014
0.0559691
-0.0144527
0.067473
-0.0461551
-0.0619558
0.0962153
0.0189247
-0.0672493
-0.0540126
0.028476
-0.0313491
-0.0868413
0.0344936
0.0516703
-0.03457
0.0081783
-0.00112261
0.00714248
0.0365937
0.0861823
-0.0936004
0.0619349
0.0194605
-0.0922783
-0.0560098
0.0692289
0.067502
0.0746042
-0.0751105
-0.0582982
-0.0624932
-0.0957692
0.0525033
0.0153098
0.0982736
0.0269191
-0.0148057
0.0420311
-0.0181963
-0.0266007
0.0475286
0.0992747
0.094714
-0.0211731
-0.0467563
-0.0615861
0.0834027
-0.0826029
0.0188144
0.000119852
0.0127996
-0.029162
-0.0391686
0.0814621
-0.00898997
-0.0569775
-0.0802913
-0.0480287
0.000841596
-0.0127461
-0.0328484
-0.0194531
0.069303
0.0102295
-0.0135443
0.050604
0.0557742
-0.00191791
-0.097424
-0.025989
-0.0340062
0.0362924
-0.0354121
-0.0289329
-0.0943266
0.0668566
-0.0263287
-0.0249824
0.0784742
0.0541936
-0.0623881
-0.0589647
-0.0575087
-0.0914526
-0.0889165
-0.0662952
0.0200209
-0.0540704
0.0866474
0.0139153
0.00326848
0.0722064
0.0956228
0.0253354
-0.0663279
-0.00913674
0.00233899
-0.0308018
-0.0645934
0.0321414
0.0631455
0.0649657
0.0163759
0.0836668
0.0251961
-0.0161384
0.0248605
0.082951
-0.0467854
0.0985513
0.059334
0.092638
-0.0507409
-0.0588826
0.010544
-0.00296508
0.0726248
-0.0637302
0.0498438
0.0883256
-0.0783424
0.0779535
0.0359407
-0.0955021
0.0909905
0.0246445
-0.0234371
0.0726287
-0.0434814
0.0336622
-0.0624943
0.0799391
-0.0973113
-0.0519116
0.0938534
-0.0425346
-0.0216413
0.0612949
0.084042
0.0707596
0.0348466
-0.0939167
0.0749409
-0.0365323
0.0997424
-0.0522653
-0.0927278
-0.0911671
0.0723793
0.0667312
-0.0570057
0.0550379
-0.0994464
0.0465343
-0.0109276
0.0883451
-0.0224299
0.00801959
0.00891562
0.0956939
0.0630783
0.0371268
-0.0408908
0.0253167
-0.0368664
-0.085437
-0.0917002
-0.095287
-0.0315655
0.0853502
-0.0938712
0.0353739
0.0406527
-0.0719272
-0.0572391
-0.0447845
-0.031664
0.000922657
0.0964634
0.0172906
-0.0495311
-0.0671395
0.0516127
0.0769501
0.036932
0.0293537
5.10595e-05
-0.099755
-0.0941478
0.0113791
0.0775914
-0.0933345
0.0256856
0.0552083
-0.0167075
0.0781961
0.016059
-0.0287586
-0.0388221
0.0457941
-0.0156393
-0.0253701
0.0933395
0.0481898
0.0700436
0.0247593
0.00137344
0.0688175
-0.00256883
-0.0627166
0.024481
0.0510783
-0.0269494
-0.0643351
0.000373921
-0.068013
-0.0697458
-0.0850039
0.0178398
0.0709954
-0.019869
0.0342595
0.0334651
-0.0897297
-0.0623549
-0.0106729
0.0495199
0.0351397
-0.0872887
-0.0248744
0.00672409
0.0794739
0.0301346
0.0869738
-0.0162644
0.00973703
0.00455051
0.0643778
0.0928477
0.0712113
-0.00548094
0.0772926
0.0888097
-0.0536501
0.0240638
0.0881996
0.00342616
-0.0629465
0.0890443
0.0397225
-0.0688894
0.0670539
-0.0235603
-0.0320607
0.0753854
0.0311018
0.083291
-0.0350887
-0.0385158
0.0051914
0.0130008
-0.069479
0.0915327
0.0162735
-0.0442784
-0.00362842
-0.0364771
-0.0422962
0.0286922
0.0397507
0.00320796
-0.0958317
-0.0636953
0.0902412
-0.0833706
0.0567234
0.00975248
0.0812634
-0.00704767
0.022925
0.0656865
-0.0724835
0.0581572
-0.0503749
-0.0456286
0.019965
0.0784029
0.0944087
-0.0886709
0.0762999
0.0663209
-0.0172774
-0.00165074
0.0150339
0.0404681
-0.0452396
0.0504541
-0.0604204
-0.0447459
-0.0431966
0.0973728
0.0676276
0.0376865
0.0848128
0.0724534
-0.062293
-0.0624048
0.0252431
0.0775485
0.0181576
0.0699731
0.011645
0.0456093
0.0215537
0.0373802
0.0612257
0.0447425
-0.0101474
-0.0863793
0.021118
0.0686588
-0.0567213
0.0892655
-0.00564122
-0.0628462
-0.00128068
-0.0952597
-0.00913929
-0.0603225
0.0551659
0.080186
-0.070706
-0.0190679
-0.0797795
-0.0875579
0.0559251
-0.0966472
-0.0235848
-0.0867487
0.0370197
-0.0902108
-0.0138936
0.084813
-0.0748093
-0.0455447
-0.010107
-0.0217145
-0.0792279
0.0456155
-0.0512791
-0.0931056
-0.0811893
-0.00633431
0.0474622
0.0625853
0.0754267
-0.02567
0.0989348
-0.0971781
-0.0905181
-0.0784809
0.0825384
0.0348948
0.0534951
0.0407246
0.0523165
0.0694897
-0.0106654
0.0692491
-0.0493712
-0.0901152
0.0745619
0.0274801
0.0544622
-0.096237
-0.0945751
0.0258043
0.0907168
-0.0601762
-0.0729932
0.0515643
0.0962606
0.0362581
-0.0336928
-0.0918065
-0.00324266
-0.0669128
-0.0523519
-0.0951611
0.0963478
0.0408374
0.00213586
-0.0845265
0.0797034
0.055522
-0.0989568
-0.0786249
-0.0938861
0.091247
-0.0715433
0.0628931
0.00928928
0.033871
-0.0176244
-0.0689398
-0.0360744
0.0255081
-0.0737389
0.0513647
-0.0221943
0.0334572
-0.0770228
0.0644044
0.089467
0.0327101
0.0217925
0.0305663
0.0599484
-0.0279669
-0.0703982
0.0209964
-0.0526191
0.037427
0.00545116
-0.0805534
0.000345351
-0.0428478
-0.0827915
-0.0794645
-0.0566974
0.0571827
-0.0883041
-0.0365237
-0.00647321
-0.00653363
-0.0654706
-0.0211707
-0.0531393
-0.0191791
-0.0165559
0.0767174
-0.0101263
0.042911
0.0321407
-0.066665
-0.0405599
0.0457475
0.0807657
-0.061797
-0.0366173
0.00312109
0.0664192
-0.0839123
-0.093478
-0.053817
0.0631142
-0.04487
-0.0571595
-0.0843792
-0.0557687
-0.0484971
-0.0895775
0.0491888
-0.0965027
0.0418221
0.0823179
0.0930024
0.0659647
-0.0781995
-0.059728
0.00997992
0.0590194
-0.000551898
-0.0679837
0.0392822
-0.0949879
0.0752402
-0.0747237
-0.0112453
-0.0880049
-0.0253282
0.031747
-0.0612843
-0.0054581
-0.0826725
0.0795084
-0.0603551
0.0491278
-0.00130511
0.0215351
-0.076146
-0.0425449
0.0205471
-0.0409627
0.029935
0.0729415
-0.0677484
-0.0394326
0.06413
0.0636772
0.0547628
-0.012795
0.0213762
-0.0252108
0.0657375
-0.0793352
0.0791836
0.0616187
-0.0629112
-0.0384035
0.0408451
0.0201735
0.0318864
0.0969122
-0.020527
0.0237385
0.046004
-0.0287933
-0.0573409
-0.0347749
-0.064816
0.0331183
0.0137602
-0.0356645
0.0459294
-0.00400437
-0.0919989
0.0495673
0.0471908
0.00484747
0.0153946
-0.0114167
0.034605
0.00882292
0.0591237
0.0738351
0.0753688
-0.0374765
0.00498396
-0.00941792
-0.090666
-0.00793552
0.0430078
0.0428203
0.056874
-0.0288664
0.090544
-0.0739424
-0.0987976
-0.0847872
-0.0712602
-0.0776952
-0.0745815
-0.014229
0.0370896
0.079698
0.0583017
0.0581896
0.0976758
-0.0995863
-0.0395261
0.0275395
-0.089503
0.0182465
0.0156219
0.016908
0.0801347
0.0499553
-0.0390541
-0.00322845
-0.0672362
0.0335986
0.0361324
-0.0481356
0.0365377
-0.0457336
0.019527
0.0331897
0.0422852
-0.00294027
-0.0201935
-0.0371431
0.000632753
-0.0971156
-0.0801861
-0.0333178
-0.0914572
-0.0253101
-0.0340232
-0.0735763
0.0532648
0.0799768
0.0659605
0.0341742
0.0752913
0.0732238
-0.0461734
0.0606748
-0.00397666
0.0256302
-0.0428515
-0.0347111
-0.0864289
-0.0784809
0.0714579
0.0941757
0.0493723
0.0704178
-0.0109648
-0.0417276
-0.0191001
0.0300045
0.0774657
0.0804549
-0.0656499
-0.0375662
-0.0572147
-0.0117603
-0.0542091
0.00406187
-0.0274108
0.0581874
-0.0891099
0.0723646
-0.0708338
-0.0285413
-0.0607682
-0.0150839
0.0541727
-0.0399076
-0.0127477
0.0177094
-0.00726592
0.00922666
0.0779904
-0.0656339
-0.0391313
0.0603181
0.0692189
0.0456998
0.00522127
0.00179634
0.0535473
-0.0128319
-0.0818605
-0.0679413
-0.015013
0.0892382
0.0438527
0.0896322
-0.0506434
-0.0183935
-0.0367046
0.0384762
0.0855617
0.0949162
-0.0703646
0.050695
-0.0224059
0.00243325
-0.0759763
0.0876825
-0.0310046
-0.0142443
0.0226813
0.0944388
0.0108226
-0.00226051
0.0194567
0.0314599
0.0541913
-0.0633109
-0.0395172
-0.0526284
-0.058568
0.0992414
-0.0747928
-0.0190111
-0.0232534
-0.0398671
0.0930602
0.0722425
-0.0555848
-0.0903194
0.0179464
0.0863172
0.0906687
0.0686936
-0.00441627
-0.0637367
0.0951916
0.0226397
0.0107319
0.0128121
-0.075783
-0.0343118
0.0982408
-0.0269762
0.0916958
-0.0753868
-0.0655659
0.0409281
0.0970369
-0.0926565
-0.0765816
-0.0388266
0.000141678
-0.0818608
-0.0602141
0.0884904
0.0216232
-0.0540859
-0.0506651
0.0617623
-0.0185338
0.0517729
0.0856062
0.0921559
0.0225437
0.0841429
-0.0561935
-0.0980564
0.096
0.0298172
0.0287877
-0.0275207
0.0925198
-0.0860446
0.0867648
0.0286448
0.0246373
-0.0867032
-0.0534235
0.0386756
-0.0273199
0.034021
-0.00978583
0.0588705
-0.0357537
-0.022806
0.0619356
-0.0323587
-0.0101625
0.0692688
0.0996772
0.0776301
0.0510677
0.047544
0.0697917
-0.089968
-0.0716052
-0.0742775
0.0545563
0.0818142
-0.0686176
-0.0192213
0.023952
-0.0852061
-0.0832755
-0.0451302
0.00771897
0.0751901
-0.013998
-0.087623
0.0364573
-0.0824127
0.0657594
-0.0257176
-0.00227182
0.0172915
0.0570728
0.0282719
-0.0973196
-0.0726652
-0.0893811
-0.0725414
-0.0475761
0.0364527
0.0922195
-0.0244495
-0.0668648
0.0109757
-0.0259671
-0.090104
-0.0818454
0.0947527
-0.0398813
0.0297755
0.0769372
0.0963185
-0.0670686
-0.000634103
0.0719143
-0.055106
-0.0771758
0.0710029
-0.0160878
-0.0567795
0.0429156
0.0754763
0.0988171
0.0356759
-0.0151113
0.0737128
0.0318216
0.0959786
0.0359878
0.0510079
-0.0411971
0.0424691
-0.0344912
-0.0405369
-0.0850936
-0.0758092
-0.00877566
-0.000488395
-0.0584489
0.0694156
0.0516216
-0.0435487
0.0952586
-0.057746
-0.000423855
0.0839371
0.0526357
0.0641305
0.00891613
-0.0547153
0.0238874
0.0402655
-0.0327541
0.0893484
-0.0866924
0.080409
0.0306195
-0.0169504
-0.0926867
0.0299363
0.0966289
-0.0387278
0.0517015
-0.0734322
-0.0364357
0.0936452
-0.0554555
-0.0848432
-0.0576856
0.080446
0.0558998
0.0927919
0.0790183
-0.0292348
-0.052213
-0.027672
0.0530294
-0.0612495
-0.079684
-0.0816136
-0.0890579
-0.0273692
-0.0142017
0.0314044
-0.0659855
-0.00977724
0.0747483
-0.0056184
-0.0444875
0.0189247
0.0884114
-0.0492443
-0.0784397
-0.0328516
-0.0333358
-0.0712559
0.0884221
0.089422
0.0260346
-0.0275813
0.0937637
-0.0801579
-0.0257315
-0.0799832
0.0897227
0.0228911
-0.0133121
-0.0061051
0.00236686
0.0546906
-0.0962274
0.0419171
-0.0035337
-0.0824157
-0.0738145
-0.0307074
0.0302453
0.0595672
0.0362968
-0.0656296
0.0516693
-0.0858942
-0.0343169
-0.0062615
0.0530718
-0.0379014
0.00768418
0.0361444
0.0322187
0.0485726
-0.0179357
-0.0169016
0.0321815
0.0918339
-0.0754918
-0.00439548
-0.0623945
0.0105502
-0.0763493
-0.0715424
0.078669
-0.0828687
0.0744322
-0.0570516
0.0599165
0.0908043
0.0872087
-0.0702645
0.0811822
-0.0273938
-0.0359768
0.0287506
0.0126557
0.0310356
-0.0187646
-0.0629415
-0.0659109
0.0243634
-0.0771998
-0.0631437
-0.00424481
0.0293841
-0.019918
0.0277052
-0.0280483
0.0464521
0.0736671
-0.0928891
-0.0617213
0.0635249
-0.0561762
-0.0059266
-0.0985358
-0.043147
0.0714056
-0.0545217
0.0789327
-0.0525478
0.0506049
-0.0543528
0.0837113
-0.0258189
-0.0395905
-0.0362473
-0.0700008
0.0601861
-0.026566
-0.0601145
-0.00164269
0.0739276
0.00568983
0.0375198
-0.0116753
0.0766176
-0.0945691
0.0967188
-0.0645062
0.0243252
-0.0729849
-0.0731585
-0.0467398
0.0175967
0.0906042
-0.0104553
0.053342
0.0580715
0.0151383
-0.0608494
-0.0570918
-0.0957416
-0.089197
-0.044929
-0.0625292
-0.0618832
0.0685676
-0.00176969
-0.023942
-0.0030891
-0.0584473
0.037558
0.0600909
-0.0169652
0.0737018
-0.0315359
-0.0295506
-0.0680762
0.0683317
-0.052744
-0.0989078
0.0104296
0.0246444
0.0583414
0.0850545
0.00835744
0.0133843
0.00163524
-0.0833457
-0.0342326
-0.0680095
0.0992013
0.0479406
-0.0339254
0.0988448
0.032885
-0.0173888
-0.093492
0.0347942
-0.0841657
0.0888335
0.0792731
0.0616524
-0.0933165
0.0780433
-0.011653
0.0369953
-0.0405668
-0.0393649
-0.0184983
0.029163
0.0152421
0.00734953
0.0018462
-0.0760381
-0.0377166
0.0746278
0.0501543
-0.0505749
0.00356912
-0.0357269
-0.0906001
0.0226938
0.0482671
-0.0461818
0.0550548
0.0167519
0.0509359
-0.0398719
0.00763455
-0.00254461
0.0821713
-0.0237969
0.0280659
0.027282
0.0825923
-0.0987616
-0.00626399
-0.0244987
-0.0975428
0.074238
0.0934821
-0.098084
-0.072874
0.000534412
-0.0140851
-0.0555742
-0.034267
-0.0342273
-0.0339698
0.0410799
-0.00220088
-0.00702305
-0.067914
0.0646881
0.0544133
0.0254937
0.0115222
0.0177543
-0.028739
0.0360605
0.000825782
-0.0339986
-0.0312071
0.0679143
0.0331458
0.0777361
-8.58193e-05
-0.019973
0.0235673
0.0448208
-0.0615064
-0.0758051
-0.0743627
-0.0469135
-0.0705433
0.0241457
-0.0590286
-0.0532546
0.0858838
0.00572274
0.0333605
-0.00433483
0.0826328
0.0545521
-0.0365663
0.0615931
0.090289
0.0704057
0.0269999
0.0623638
0.0479891
-0.0726165
-0.00734417
-0.0385913
-0.061474
-0.0246295
0.0208616
-0.0817752
-0.0618727
0.020678
-0.0714071
0.095819
-0.0565666
-0.0689489
0.0542781
-0.0116979
-0.061283
0.0855269
0.0264911
-0.00127433
-0.0639883
0.0870588
0.0092406
-0.0955179
-0.0915028
-0.0854628
-0.0881747
0.0620149
-0.0937159
-0.0847371
0.0353041
-0.0742779
0.0588444
0.0610198
0.0981542
-0.0465001
-0.0371966
0.036174
0.00117559
0.071284
0.00614971
0.0463172
0.0128457
-0.0682118
0.037664
0.0265148
-0.0102386
-0.080772
-0.0957216
0.0203748
0.0992715
-0.0791082
0.0741117
0.0738356
-0.0157731
0.0939079
0.0752481
-0.064477
0.0383143
-0.0414429
-0.00113815
0.0812012
0.0822355
-0.0756656
-0.0217768
-0.0821968
0.0424603
0.00719411
0.0834833
-0.0369318
0.0365604
0.0832026
-0.0627618
0.0321026
0.0984687
-0.0276171
0.0542039
0.0250725
0.018423
-0.0169509
-0.0222164
0.052439
0.0184479
0.0372093
-0.0429904
0.00449634
-0.0254717
-0.008955
0.0420052
0.0938334
0.0405326
-0.0197711
-0.0676315
0.000475856
0.0194379
0.0180797
-0.0214931
0.0317409
0.0254631
-0.0987562
-0.0298257
-0.0123104
-0.0208003
0.0329139
-0.0105175
0.00366394
-0.000606047
0.057454
0.0631675
0.0776472
0.0642196
0.0412619
0.089223
0.0480204
-0.0472712
-0.0759655
-0.0576563
-0.00703748
0.0234221
0.00934153
0.0895313
-0.0559014
-0.047837
0.0100816
0.0218053
-0.0153289
-0.0577514
0.0206238
0.0800124
0.0894602
0.0131657
-0.0278749
-0.0154392
-0.0987162
-0.00884222
-0.029484
-0.0501796
0.0680424
0.06642
0.0183081
0.0409881
-0.0460231
-0.0914624
-0.0795937
0.0766875
-0.0310883
-0.0113213
0.0598669
0.0269726
0.00550074
0.0978587
0.0460073
-0.0873666
0.0881898
0.0734807
-0.0179877
-0.0824123
0.0900393
0.0284056
0.0318597
0.089899
0.0963718
0.0666269
-0.04068
0.0142644
-0.0603268
0.0583791
0.073592
-0.0753095
0.0358041
-0.0768747
-0.0886871
-0.0392496
0.0830694
-0.093396
0.0790236
-0.0115658
-0.0510237
0.0860575
-0.0137358
-0.0670837
-0.0403722
-0.0395257
0.0892454
-0.076814
0.00179343
0.00943889
-0.0234172
0.0271518
-0.0446469
-0.0545589
0.0789173
0.0425556
-0.0141724
0.0191714
0.0468255
-0.0394238
0.00397385
-0.0713729
-0.0830886
0.0242884
-0.0229473
-0.0655398
0.0390968
0.0488716
-0.012224
0.00496323
-0.0437442
0.023873
0.0672561
0.0147618
-0.000922136
0.0195041
0.0843035
0.0778106
-0.0786968
-0.0589542
-0.0482264
-0.0234316
-0.00428941
-0.0522609
0.0950824
0.0904273
0.057008
0.056903
0.0510962
-0.00705194
-0.0557324
-0.0860934
-0.0631284
-0.0597932
0.0806286
-0.0496407
-0.0181658
0.0981876
0.00336416
-0.0920189
0.0308151
0.0905779
0.0257719
-0.0628294
-0.0253926
-0.0520898
0.0831453
-0.0965361
-0.0256479
-0.00752381
0.0905932
0.00998934
0.0372344
0.0940391
0.0904313
0.024079
0.0386996
-0.055795
-0.0462606
0.0234973
-0.0517804
-0.0612094
-0.0954884
0.0772404
-0.0285175
0.0339428
0.0686532
-0.00888261
-0.0773475
-0.0394966
-0.041924
-0.0702953
-0.0243184
-0.0111065
0.0234555
0.0943615
-0.0233504
-0.00198256
0.0976699
-0.0875127
0.0345473
0.0417882
0.0259129
0.0757909
0.0634385
0.0128521
-0.0853211
-0.045218
-0.0840906
-0.0437255
-0.038602
-0.074496
0.029693
0.0521447
0.0513116
0.0840319
0.0910755
-0.040748
0.0447013
0.0434783
0.0208506
-0.00496019
0.0110671
0.0872397
0.0788689
-0.0637529
-0.00828819
0.0682179
-0.0397029
0.0920764
0.0382396
0.0427855
0.0641748
0.0126022
0.0141237
0.092528
0.00558041
0.0908059
0.0428948
0.0766646
0.0864238
-0.0790265
0.00926619
0.000812949
-0.0882148
-0.0101462
-0.0879981
-0.0223438
-0.0927571
-0.0913964
0.00518457
0.00311885
-0.00934581
-0.0601837
0.0540775
0.0234699
0.0576844
0.0208134
0.0416156
-0.0720588
0.0476615
-0.0831487
-0.0331957
0.0326134
0.092554
0.0624856
0.0305099
-0.0389528
0.0584296
0.0322517
0.0685303
-0.0393766
-0.022416
0.0243761
-0.00667
-0.0478257
-0.0812621
-0.0497365
0.0322643
-0.0267571
0.0717359
-0.0892229
-0.0360013
0.0279518
-0.0477966
0.0919268
-0.0940439
0.0561827
-0.0441427
0.0566846
-0.0598885
0.0357097
0.0327754
-0.0137336
-0.0448003
-0.0710323
0.00321524
0.0589708
-0.0399915
-0.0495111
-0.0814956
-0.0185494
0.0716788
0.09151
-0.0493121
0.0319657
0.0763897
-0.0414025
0.00509019
-0.0244801
-0.0497072
-0.0754521
-0.0301175
0.0770551
0.0861588
0.0746056
0.0899073
-0.0393417
-0.025776
-0.0579948
0.0686584
0.0540037
0.0652573
-0.0981535
0.0988224
0.00045628
0.0643241
0.0220961
-0.0694848
-0.0253669
0.0532061
0.0698845
-0.0678441
0.0138466
0.0604625
0.0359882
0.0457225
0.050538
-0.0275034
-0.0985172
-0.05714
-0.0425544
-0.04673
0.0793513
-0.00904421
-0.0311975
0.0975874
-0.019783
0.0416372
-0.0847989
0.0532156
0.0951011
0.0850017
0.00800195
-0.0341799
-0.0322649
0.0323072
-0.00334618
-0.0195126
0.00223299
0.0320829
0.0989773
-0.0640045
-0.0681708
-0.0801461
-0.0720293
0.00802019
0.0598962
0.0392153
-0.0628104
-0.0990853
0.0929928
-0.0809635
-0.0387135
-0.071136
0.0580355
0.049639
-0.052222
0.0685914
-0.0350189
0.0265751
0.0303493
0.0718078
-0.043954
-0.0283088
-0.0439191
-0.0336889
-0.0305743
-0.0625883
-0.0540089
-0.00853931
0.0821447
0.0699561
-0.0822891
-0.0869777
0.0318026
-0.0854891
-0.047665
-0.0113795
-0.0979211
-0.0345648
0.00163491
0.0340754
-0.0458818
0.0350891
-0.0634873
0.046346
-0.0283078
-0.039693
0.0333778
-0.086467
-0.0823241
0.0788628
0.00334439
0.00910075
-0.0739148
0.097082
0.0286984
0.0625359
-0.0251743
-0.0531387
-0.0153184
-0.045117
-0.0763256
-0.0656229
0.0136402
-0.0198742
-0.0703877
-0.0192033
0.0770144
-0.0861396
-0.0728011
0.0591529
-0.0855858
0.00579344
0.0550307
0.0630441
0.0928263
0.0324688
-0.0740746
-0.0784638
-0.0786367
-0.0440141
0.00597706
-0.0741032
-0.0750754
-0.00545016
0.0683301
0.0988968
-0.0221773
0.00490543
-0.0456716
-0.0367533
-0.0269921
0.000784113
-0.0393434
-0.0194913
0.0245577
-0.00854571
-0.0542024
-0.0107065
-0.0752975
0.0359667
-0.0117132
0.0217536
-0.0339709
-0.0144478
-0.0230592
0.0473454
0.0557141
-0.0631239
0.00591193
0.0763733
-0.0866523
-0.0189255
0.0639509
0.0093664
-0.0137818
-0.0142328
-0.0639011
-0.0416857
0.00721547
-0.0128927
0.00661533
-0.0388271
-0.0384658
0.0271221
-0.028012
-0.077728
0.086294
0.0372758
0.0287799
0.0673598
-0.0384735
0.0562217
0.0301972
-0.00284174
0.0778844
-0.0281469
-0.0272365
-0.0568397
-0.048894
0.0875751
-0.0343071
0.0653706
0.0782609
-0.0612496
-0.0463706
-0.0745298
0.0975037
-0.0408416
0.0491701
-0.0159876
0.0763119
0.0475651
0.0969457
0.100236
0.0337896
0.0569487
0.00878615
-0.0904636
-0.00574121
-0.0415606
-0.0735193
-0.0513379
-0.0267326
-0.0433844
-0.0703931
0.0915592
0.00181379
0.0964451
-0.046845
0.0806622
0.0366356
0.045046
-0.0658903
0.0411339
-0.0516215
0.012914
0.0641822
0.0290714
-0.0965013
-0.0262559
0.0201157
0.0653247
0.0565909
-0.0144749
0.00609807
-0.0161974
0.0431408
0.0106234
-0.0318952
-0.0394382
0.0245073
-0.0553243
-0.0287881
0.0883531
0.0882843
0.0786608
-0.00837588
-0.0162666
-0.0598754
-0.0887672
-0.0117975
0.0299175
0.0409263
-0.0144913
-0.0920523
0.0747841
0.0723213
0.00347631
0.075112
0.0653023
0.0420925
-0.0324352
0.0833161
-0.088093
-0.0858595
0.00767437
0.0375074
-0.0517593
0.0174101
-0.00623941
-0.0683004
-0.0679799
0.00956952
-0.0125669
0.00829967
-0.0206684
0.0201032
-0.0856803
0.0573372
0.00366748
-0.0852419
0.0564176
0.0825471
0.0190301
-0.0821201
-0.0295834
0.0502961
0.0817906
-0.00164448
0.0406174
0.0419476
0.027318
-0.0648535
-0.0854331
0.031714
-0.05083
-0.00148487
0.0274676
0.04413
0.0328026
0.0195122
-0.00453979
-0.0790023
-0.07589
0.0614794
-0.0195975
0.0273807
-0.0702387
-0.0711206
0.0790813
-0.0636477
-0.0731786
-0.0228867
0.0577119
0.000128643
0.0732346
-0.00243817
0.031414
-0.0867205
0.0954079
-0.0700723
-0.0816862
0.0699402
-0.0222083
-0.0198883
-0.03194
-0.018347
0.0379779
0.047756
-0.0416126
0.00517576
-0.061959
0.0295919
-0.0951122
0.00362699
0.0284461
-0.0193118
-0.0713394
0.00953616
0.0139535
-0.0965624
-0.0310154
0.0454436
0.0104819
-0.0892152
-0.0733298
0.0687449
-0.0430522
-0.0838522
0.0627572
0.00367946
0.0340869
0.0568565
-0.072884
0.0613951
-0.0230853
0.0615483
-0.0863313
0.0372452
-0.084612
0.00914001
0.0226569
0.0620072
-0.0109145
-0.0413924
0.0733873
-0.105549
0.070248
-0.0212158
-0.0308813
-0.00313413
-0.0486436
0.0493894
0.00115994
-0.0203674
-0.00023607
-0.0555107
-0.0303725
-0.0231128
0.00797596
-0.0873219
-0.00936872
0.0297901
0.0650503
-0.0678461
-0.0722672
-0.0170056
0.0217307
0.0736156
-0.0334749
0.0409591
-0.0615307
0.034403
-0.0347843
-0.000169758
-0.0116093
0.0151348
0.0223068
0.041245
-0.0517491
-0.029314
-0.00433951
-0.0685981
-0.016998
-0.0708219
-0.0977738
-0.0887559
0.010602
0.045947
0.0486152
0.0276353
-0.0187063
0.0318169
-0.0684892
-0.0641135
0.087638
-0.0501582
-0.00845207
-0.00398335
-0.0807563
0.0584112
-0.0925677
0.0964171
-0.0518755
0.0420519
0.0710728
-0.0770976
-0.0882646
-0.1055
-0.0667806
-0.0959946
-0.0419606
-0.0412457
-0.0375827
0.0220634
0.0650374
0.0769914
-0.0529271
0.0152152
0.0557401
0.0349535
-0.0275333
-0.0737045
0.00527703
0.0223687
-0.0817174
0.0306637
-0.0724684
-0.0398889
-0.00699873
0.0319832
0.0699073
0.0975235
-0.0956021
-0.0546673
-0.0677687
-0.0773141
0.0625097
-0.0757631
-0.0462522
0.0843726
0.0756978
0.0340759
0.0466858
-0.0291556
-0.0941217
-0.0599776
0.0849259
-0.0271918
0.0856003
0.00741399
0.0246095
0.0278852
0.0963964
0.0126378
0.0585625
0.0255566
0.0911865
0.0318801
-0.0490964
-0.0303397
0.0453034
0.0209821
-0.080327
0.0225102
-0.0248586
-0.0936268
0.0217597
-0.0715758
0.062953
-0.0557245
0.0666841
-0.0293379
-0.023143
-0.0662903
-0.0649332
-0.0297235
0.0367916
-0.0564609
-0.0507657
-0.00265007
-0.00996464
-0.0654454
-0.0052888
0.0696112
0.0325507
0.0681725
-0.0537956
0.0939391
-0.00502871
-0.0886204
0.0658043
-0.0815785
0.0297022
0.0731166
0.0755028
0.0289823
0.0693534
0.0777297
0.0434625
-0.0913093
0.0249199
-0.00770621
-0.0756388
0.00283515
-0.0684275
-0.0491289
0.0245262
-0.0663731
0.00247705
0.0907236
0.0942152
0.066613
-0.0177875
0.0791208
0.0937158
0.0751176
0.0755195
0.0627456
0.0739664
-0.0303072
0.0867896
0.0979466
0.000715029
0.00698283
0.0815522
0.0232931
0.0927177
-0.0754507
-0.00464356
-5.44776e-05
-0.10556
0.0361792
-0.0135852
-0.0262562
0.000292914
-0.0718368
-0.0926683
-0.0583911
-0.0679025
-0.0196054
0.0461919
-0.0262961
0.0151718
-0.0413546
-0.018477
-0.0213586
0.0703072
0.0500793
0.0315346
0.00800224
-0.0997766
0.054936
-0.0656157
-0.0163478
-0.0866718
0.0620555
-0.0568064
0.0743673
-0.0263575
0.0294206
-0.0763769
-0.0944526
-0.093924
0.0792057
0.0632922
-0.0650029
0.015619
0.0935329
0.0354522
0.0127881
0.0315749
-0.0138084
0.0486257
0.0520518
0.016522
-0.00787772
0.0412033
0.019719
-0.0729878
0.0717501
-0.00498264
0.0624753
0.09011
0.0872279
-0.0224278
-0.0415053
-0.0313997
0.0629688
-0.0562168
-0.0848207
-0.0698775
0.014374
0.00794901
0.0308392
0.0563253
0.0111222
0.029501
-0.0738576
-0.0840286
0.0496682
0.0220925
0.000349939
-0.0927733
-0.0962381
-0.0958548
-0.0471845
0.0634064
-0.0122787
-0.0877165
-0.0472658
-0.104081
-0.0120406
0.0639804
0.0949171
-0.0357054
0.0687655
-0.00404611
0.0233604
-0.0880636
0.0913744
0.0747585
-0.011249
0.00985863
-0.00014523
0.0170144
0.088277
-0.0289753
0.0267177
-0.0734913
-0.0361326
0.0950667
-0.0546946
0.0303125
0.00135904
-0.0415623
-0.0619353
-0.00778274
0.0967646
-0.0612858
0.0890881
0.0705524
0.00437492
-0.0292533
-0.0727948
-0.0175832
-0.0570251
0.0580511
-0.0505089
-0.045812
-0.0227304
-0.0596899
0.0590983
-0.0941989
-0.0527393
-0.0823709
-0.0402137
-0.00906349
0.0400006
-0.0779354
-0.0186973
-0.00266043
0.0416683
0.0711837
-0.0191057
-0.0137306
0.036887
-0.0536935
-0.0364751
-0.0689327
-0.0572294
-0.0454639
-0.0247955
-0.0603738
-0.0702062
0.00884128
0.0398669
-0.0556622
0.045761
-0.0601654
-0.0687835
0.0899558
0.00562886
0.0681474
0.0254013
-0.039001
-0.0127227
-0.0472497
0.0755763
0.0828932
-0.089368
0.0210119
0.0100489
0.0418777
0.0967658
-0.0883289
-0.0430876
0.0239903
0.0541291
-0.0273124
0.0678712
0.0504291
-0.0819021
0.0676099
0.010016
0.00389277
0.078714
0.0743824
0.0586173
0.0893379
0.0431363
-0.038719
0.0798456
-0.0133499
-0.0997951
-0.038542
0.0733804
0.0490178
-0.0458667
-0.0127277
-0.00247204
-0.0407798
-0.0407982
-0.027316
-0.0111304
0.0960585
-0.0463661
0.052953
0.0755518
-0.0941903
0.0188771
0.020274
-0.0913635
0.0357007
-0.0790706
-0.102937
0.0231464
-0.0940161
-0.0875167
0.0780139
0.0134454
-0.0692933
-0.0450384
-0.0927714
0.0721077
-0.046598
-0.0188456
-0.0253453
-0.0879693
0.10534
0.0122078
-0.0626269
0.0749253
0.0641657
0.0807272
0.0809052
-0.0756955
-0.0229712
0.0772361
-0.0571699
0.0415113
0.0389605
0.0559023
0.0157793
-0.0644501
-0.0720309
0.0959864
-0.0661863
-0.0745836
-0.0830613
-0.0604659
-0.032494
0.0540681
-0.0233336
-0.0105329
0.0279763
0.00357387
-0.078644
-0.048133
0.0179643
0.0157456
-0.0057414
-0.077572
0.0213455
-0.0810353
-0.0439973
-0.0327913
0.054682
0.0938585
-0.0488522
0.077722
-0.0963137
-0.00692936
0.0246579
-0.103146
0.0325911
-0.094507
-0.101886
-0.00205882
0.052007
-0.0945364
0.0904505
0.0547481
-0.0841899
-0.00358913
0.00129435
0.0340611
-0.0745356
0.0443003
-0.011268
0.100422
-0.0246362
-0.0961837
-0.0983458
0.0575423
0.0126644
-0.0768397
-0.0651389
-0.015344
0.00416016
0.0363915
-0.0546581
-0.00896483
0.0891197
0.0344446
0.0188883
-0.0204158
-0.0129325
-0.0230211
0.0639022
-0.0235404
-0.0922043
0.0637325
0.010139
0.0330526
0.0795287
0.0127254
0.0405972
0.0647183
0.050062
0.050032
-0.0703944
0.0651518
-0.0485628
0.0583642
0.0274289
-0.0314116
0.0472927
0.0127718
-0.0741092
-0.0163965
-0.0867238
-0.104882
0.0360248
0.0534707
-0.083156
0.0775217
0.0422624
-0.00925337
0.0922374
0.0609418
0.0180228
0.0673146
-0.0275397
-0.0384042
0.0100514
0.033292
-0.00741541
0.0287855
-0.00421734
0.075396
0.0218518
-0.0729746
0.0271607
-0.0328784
0.0597547
-0.044227
-0.0389822
-0.0720357
0.0188724
0.0686692
0.0450306
-0.0465517
-0.068076
0.0478112
0.0769562
-0.0872265
0.0686455
-0.0532703
0.0879377
-0.0645065
-0.0561262
0.0754315
-0.0336118
0.0791232
0.0728774
-0.0565078
-0.0580973
0.0234374
0.081753
-0.0661996
-0.00505712
-0.017525
-0.0587924
0.0953774
-0.0179684
-0.0863718
-0.0891935
0.0882496
-0.088336
-0.0756606
0.0964384
0.0533645
-0.0870329
-0.0144322
-0.0870216
-0.0620144
-0.0195669
-0.0451797
-0.0555103
0.00272027
-0.0893459
-0.0602202
0.0167372
0.0828446
-0.0891596
0.0538074
-0.0825848
0.0743979
-0.0829963
0.0589841
0.0074026
0.0674301
-0.0413675
-0.079009
0.0986787
-0.0250002
-0.0113885
0.0570788
0.0543962
-0.0844488
-0.0495645
0.00483203
0.0455386
0.0976249
0.0869237
-0.086547
0.0312159
-0.0087484
-0.00345788
-0.0112455
-0.0479914
-0.0560182
0.02985
-0.00604216
0.0542419
0.0223724
0.0447983
-0.0727731
0.00158162
-0.0531464
-0.00384423
0.104746
-0.0230625
0.0290613
-0.0347885
0.0328258
-0.0356095
0.101842
0.0707062
-0.017969
0.0100515
0.0574069
0.0132136
0.0534696
-0.0522865
0.00942686
0.0368406
-0.0592062
-0.00703331
-0.0746495
0.0156659
-0.0392211
-0.0309816
-0.0953963
0.0937727
-0.0781635
0.0208973
-0.0196102
0.0108064
-0.0583932
-0.0832687
0.045116
0.0129423
0.0521285
-0.0377744
-0.0721129
-0.0093364
0.0571245
-0.0808066
-0.0470529
0.0543089
0.0224888
-0.0524659
-0.0752204
-0.0171504
0.0707445
0.0396512
0.0707051
0.0391976
-0.0280669
-0.0352592
-0.0644549
0.0299811
0.0687374
0.0272185
-0.0605495
-0.0231441
-0.0870173
0.0746121
-0.0281517
-0.0803224
-0.0200231
0.0526407
0.0393633
0.0281683
0.0660396
-0.0133812
-0.0306086
-0.0647605
0.0741334
0.050667
-0.0164121
-0.0477658
0.0412793
-0.020051
-0.0345459
0.0617819
-0.0738323
-0.0513333
0.0654347
-0.0991536
-0.0742741
-0.03967
0.0701138
0.0218803
0.0698072
-0.0353929
-0.0770766
-0.0635181
0.0943334
-0.0478709
-0.0557842
-0.0276928
0.0242666
0.0553063
0.0138576
0.00959526
-0.0717503
-0.0182786
0.0230161
0.0531642
-0.0754737
0.0892212
-0.0386502
0.00201177
-0.0407375
-0.0177429
-0.00195602
-0.0714008
-0.0855946
-0.0801436
-0.0386873
-0.0782728
-0.0627628
-0.0987077
-0.0598036
0.0422828
0.029842
0.0627853
0.065129
0.0657451
-0.0597143
-0.0892368
0.0394549
-0.0736105
-0.0205894
0.0380254
0.0866104
0.0217099
-0.031109
0.0132032
-0.0025579
0.0764774
0.0246118
-0.0902732
0.00901234
-0.0455449
-0.0596846
0.0333434
-0.0275319
-0.0779947
-0.033625
0.0312866
-0.0738749
-0.0744027
0.0488517
0.010344
0.0663898
-0.0500282
0.00449396
-0.019158
0.074804
-0.0937872
-0.00511918
0.067728
-0.0345364
-0.0610182
0.0611358
0.0488594
0.0243225
-0.0299655
0.0376141
-0.0868708
0.0619478
0.0241797
-0.0231618
-0.0947645
0.0500305
0.0810736
0.0850712
-0.107025
0.0715303
-0.0250977
-0.0933157
-0.0998881
0.00199815
0.0209982
-0.105104
-0.0522935
0.0597142
0.0529491
-0.105681
-0.0993843
-0.0131709
0.0174725
0.0193342
-0.0651135
0.0420749
0.0660736
-0.0498569
-0.0134547
-0.0208928
-0.0780653
0.0134328
0.040622
-0.0054427
0.0263854
0.0197459
-0.0519469
-0.000508521
-0.0184253
0.0212322
-0.0611912
-0.0728752
0.0227001
0.0561946
0.0317294
0.0112661
-0.0120938
-0.0184103
-0.00218334
-0.0199439
-0.063265
0.056767
0.0370012
0.0400181
0.0316084
0.0136741
0.0833262
0.00714814
-0.10375
0.00601518
0.0784175
-0.00581352
0.0884958
-0.0976729
0.0535925
0.0305446
-0.0949696
-0.0186254
-0.101175
0.0635135
-0.0317162
0.000121031
-0.0622608
0.0748904
-0.0879771
-0.0234557
-0.100321
0.0581464
-0.0229558
0.072901
-0.0391217
0.0492504
-0.050381
0.0189467
-0.0157748
0.067066
-0.0204016
0.0540107
-0.0986372
-0.013994
-0.074112
0.0777127
-0.0606708
0.0335944
0.0472733
0.00161238
0.0243587
-0.039411
-0.0977591
-0.0906818
0.0312536
0.0304571
-0.0831424
-0.0487111
0.0808712
-0.0469467
-0.0985365
-0.0343303
0.0495606
-0.0589991
-0.0403125
-0.0820701
0.0324804
0.0528419
0.0655986
-0.0874099
0.0893332
-0.031852
-0.0705125
-0.0899465
0.0762416
-0.0166011
-0.0704907
0.0669074
0.000561297
0.00466907
-0.0198192
3.28656e-05
-0.068989
0.0804529
0.0115458
-0.0868362
0.0802151
0.0512919
-0.084505
0.0316172
-0.056512
-0.0612998
-0.0168247
-0.0497035
-0.0160741
0.0450565
-0.0388885
-0.0936114
0.0856249
-0.0341795
-0.105091
-0.0450361
-0.0981764
-0.0320698
0.0528089
-0.0571039
-0.062445
0.00352576
-0.0127451
0.0567417
0.0683301
0.029561
-0.0305885
-0.076133
-0.0963335
0.0583835
-0.000351336
0.0813754
-0.0893102
-0.0944123
-0.0290806
-0.0907391
-0.00453266
-0.0543919
0.0662189
-0.0909938
0.0276097
0.0478959
-0.0875084
0.00813915
-0.00111259
0.0261229
-0.0772395
0.0433597
0.0657155
-0.0959752
0.0336929
-0.0914907
0.060869
0.0277592
-0.09627
0.05535
0.0775362
-0.0185732
-0.0446258
-0.0958128
0.0437093
-0.0784922
-0.0626476
-0.0501783
0.0175677
-0.023478
0.0291415
-0.107203
-0.0582606
0.00638535
0.0725125
0.0218058
-0.00884503
0.012672
0.0433571
0.0759905
-0.0657836
0.0733259
-0.0295934
-0.0173894
-0.0890967
-0.0774871
-0.108992
0.0353782
0.0787659
0.0315838
-0.0765996
-0.109725
-0.0410298
-0.0487747
0.0406233
-0.0897576
-0.107396
-0.0242197
0.00794307
-0.000677091
0.0449598
0.0509661
-0.0696049
-0.0805818
-0.0632689
0.00933424
0.0087313
-0.0247827
0.0135182
-0.0178386
-0.085838
0.0892259
-0.0157573
-0.0674553
0.0654639
0.051794
-0.0340675
0.0362839
-0.039548
0.00610659
-0.0458763
0.0124355
-0.00475325
-0.103473
-0.0936001
0.0206727
-0.0592576
0.0774993
-0.0657647
0.00674342
-0.033214
0.0225612
0.0882971
0.0425039
-0.0113056
0.0899313
-0.0969699
0.00255566
0.012174
0.0508543
-0.110356
-0.0668783
-0.101441
-0.068194
-0.0513014
-0.0485451
-0.0254713
-0.0629532
-0.0208848
-0.00363349
0.0752156
-0.107102
-0.027767
-0.0204549
-0.0620333
0.043664
0.0838617
0.00655059
0.0289677
-0.0336395
0.0221588
0.0121948
0.0652224
-0.0104961
0.0332939
-0.0234685
0.00843776
0.0164648
0.0513435
-0.0662398
0.0606509
-0.0806214
0.00121707
-0.00418089
-0.0362748
-0.0071685
0.00466436
0.0790944
0.0743484
0.0680072
0.0350048
0.00466114
0.0575771
0.0338889
-0.00693698
-0.101582
0.0525213
-0.0554565
0.0886821
-0.0178609
-0.0954694
0.050696
-0.0135801
-0.0262041
0.0105196
-0.0917777
-0.0498127
-0.10571
-0.105425
-0.0818782
-0.059755
0.0156017
-0.0590656
0.0224632
-0.0565825
0.0531842
-0.0862243
-0.0340123
-0.0867025
-0.0602754
-0.0178863
0.00189999
-0.099885
0.0815867
0.0637519
-0.096027
0.0464526
-0.00944519
0.0755137
0.0623326
0.0646601
-0.0453577
0.076492
0.00743621
0.0699842
-0.0758472
-0.0474146
0.0406907
-0.0550466
-0.0467604
-0.0822354
-0.0771607
-0.0207525
0.0118258
-0.0784815
-0.0881557
-0.106927
-0.0300808
-0.0826381
0.00309708
-0.0576494
-0.0401189
-0.0600665
0.0103457
0.0149614
-0.0936693
-0.0159645
-0.0426984
-0.070217
-0.0195335
0.0604631
-0.0838927
0.0577956
-0.086741
-0.0564999
0.0291791
-0.0718757
-0.0647345
-0.0684139
0.00112133
0.0153489
-0.00719673
-0.0185897
0.073749
0.0240528
-0.0357307
0.0732147
-0.0303107
0.0135741
-0.105831
0.047561
0.0483238
-0.0687814
0.0215984
0.0332032
-0.0772139
-0.0589283
-0.0384176
0.0272082
-0.107392
-0.0664908
0.0398065
-0.0610468
-0.0244517
-0.0229145
-0.0547002
-0.0293092
0.0670654
0.00259428
-0.105194
0.0828261
0.0789202
-0.0679012
0.00910841
0.033634
-0.00799658
0.0453381
0.0685264
0.0419101
-0.00141936
-0.00332486
-0.0677219
0.0574126
0.0504624
-0.0847743
0.091538
0.0492067
-0.000768456
-0.00721819
0.0449234
0.0737099
-0.068255
-0.0356702
-0.095807
0.0189718
0.0507626
-0.00789675
-0.0249994
0.0788867
-0.0521976
-0.0613676
-0.0273267
-0.0716898
-0.00624427
-0.0988183
-0.0231394
0.0860779
-0.0315469
0.00405238
-0.0459105
-0.0171402
-0.0148191
-0.0621532
-0.105097
0.00562116
0.0142214
0.0673725
-0.0465507
-0.0430943
-0.0664128
0.0914357
-0.0389686
-0.0714295
-0.00143339
-0.0432769
-0.00350451
-0.025007
0.011016
0.0440939
0.0529343
0.0552807
0.0824939
0.0762991
0.0689424
0.0786415
-0.0961349
-0.043018
0.0713275
0.0828866
-0.0230775
-0.102372
0.0561657
-0.100124
0.0260825
-0.0639668
-0.0124433
-0.0111668
-0.0324312
0.0291563
-0.0437556
0.00917868
0.0333789
0.0106161
-0.0791266
-0.0540066
-0.0436937
0.000238438
-0.0259044
0.064597
0.0700678
-0.0471528
-0.0969185
-0.0856493
-0.0399813
0.00270579
0.0483099
-0.0630047
0.00503557
0.0128128
-0.0566031
-0.0980824
0.0513625
0.00257393
0.0240644
-0.107751
0.0757461
-0.0111419
-0.0400523
0.0719767
-0.0137066
0.0323723
0.0100444
0.0891267
0.0631391
-0.0569325
0.0477575
0.072792
0.0718239
-0.00427154
0.00759116
-0.0830527
-0.0082828
0.0569055
-0.0729516
-0.0562514
0.0809636
-0.0839941
-0.0837478
0.0529978
0.051663
-0.0935581
0.00603881
-0.0816562
0.0916089
-0.0710897
0.0749319
-0.0789836
-0.053585
-0.0617602
-0.000247172
-0.0282163
-0.0539493
-0.0235468
0.0487411
-0.0210395
0.0449534
-0.00522811
0.0519812
0.00716859
-0.0201089
0.0270974
-0.0710359
-0.0373107
-0.0858658
-0.0888492
0.00420233
0.0211174
-0.0398538
-0.00192152
-0.00925452
-0.0124999
-0.0834589
-0.0934128
-0.0607343
0.0393372
0.0639528
-0.0705086
-0.0945919
-0.063551
-0.00161743
0.0727331
0.0134167
0.050592
0.0248274
-0.0512535
-0.0530139
-0.105935
0.0565593
-0.0793706
0.0201841
0.0088087
-0.0371856
-0.100541
0.0138946
0.0812728
0.0558825
-0.0020567
0.0665344
0.0387913
-0.0810915
0.0071657
-0.0274914
-0.0582354
-0.0266215
0.0555967
-0.0532773
0.0895698
-0.0796857
-0.0850875
0.0830668
-0.0985596
0.00866735
-0.00230792
0.0337782
-0.0949942
0.0577522
0.0744354
0.00958981
0.0895236
0.0229608
0.0514696
-0.0524173
-0.0357421
0.0645813
-0.0933847
0.0802263
-0.0967866
-0.101987
-0.0594842
0.0182356
0.0595728
-0.0405303
-0.0688833
-0.0271149
-0.106018
0.0695974
0.0345531
0.0588439
-0.0135099
0.03547
-0.0614607
0.053989
0.0171499
-0.10912
-0.0206423
-0.0318883
0.0071353
-0.104971
0.0215563
0.0167995
-0.071627
-0.0447909
-0.0603442
0.000855972
-0.0798604
-0.0490572
0.0112492
0.0579334
-0.00445361
-0.0272944
-0.0771996
-0.0459201
-0.101799
0.0846367
-0.0861745
-0.0858188
-0.030702
-0.0164815
-0.0659436
0.0447475
0.00323967
-0.0550062
0.0540934
-0.0154101
-0.0826693
-0.0250499
0.0512206
-0.0763614
-0.0455507
0.0280116
0.078658
-0.0907105
-0.0805302
-0.00348405
0.0435491
0.0267661
-0.0449001
0.0401961
-0.0013274
0.0160716
-0.0758137
-0.0677653
-0.0947127
0.0540259
-0.103416
-0.00699937
-0.0741693
0.0216361
-0.0454814
0.0640816
0.0327114
-0.0415955
-0.0656767
-0.0232016
0.0117902
-0.0963629
-0.00645264
-0.0105945
0.0840513
-0.033158
-0.0898654
0.0159481
0.0158885
0.028915
-0.0845402
-0.0336024
0.0153637
-0.0327928
-0.0937642
-0.0243023
-0.0660736
-0.0104744
0.0146115
-0.0406799
0.0781332
-0.106898
-0.104975
-0.0409556
-0.111474
-0.0914413
0.08486
0.0156333
-0.0637889
-0.0858224
-0.0108086
-0.0719558
0.0611585
0.0400464
-0.0409686
-0.0342755
-0.00772598
0.0211753
-0.0344264
0.0796965
0.0203628
0.0814344
0.0439979
0.0390187
0.00981685
-0.0050962
-0.00643554
-0.0384019
-0.00544511
-0.00196676
-0.0288869
-0.0467997
-0.009743
0.0234183
0.0568604
-0.0508506
-0.0751109
-0.0497403
-0.0748068
-0.0282169
-0.100626
-0.00757953
0.0545045
-0.0125465
-0.0960228
0.0274065
-0.0712833
-0.037159
0.0883935
0.011802
-0.0860907
-0.0177513
-0.0809616
-0.0643648
0.0291199
-0.0445133
0.0144371
-0.0906742
-0.0537006
0.034887
-0.0190613
-0.0427753
0.00268792
0.0329317
-0.0691597
-0.075633
0.044906
0.0874325
-0.0523053
-0.0048048
0.0550825
-0.0620258
0.0700243
-0.0871586
-0.103498
0.0473955
0.0203145
-0.0671919
-0.0933588
0.00326966
0.0147177
-0.00460354
-0.0415303
-0.0817401
0.06975
0.0458878
-0.0112605
-0.0723188
0.0754244
-0.0920375
-0.0743922
-0.0683771
-0.0957113
0.0368191
-0.0297298
-0.0887615
0.0274158
-0.0189875
-0.095353
-0.0645751
-0.0127998
-0.0262675
-0.00713209
-0.0412445
0.0379189
-0.102292
-0.026516
-0.0698988
-0.0086363
0.0171257
-0.105181
0.0739099
-0.0905167
-0.0134824
0.0720597
0.0344403
-0.0233524
-0.0490036
0.0456504
-0.0287345
-0.103744
-0.0589522
0.0877864
0.0856793
0.00779668
0.0434362
-0.0318738
0.0869395
-0.0957487
0.0436313
-0.0152559
-0.082237
0.0113446
-0.108479
-0.071724
-0.00351867
0.000690326
-0.0532148
0.0325846
0.0326964
0.044792
-0.0674448
0.00830011
0.0221216
-0.0330599
0.0138228
-0.0232997
-0.0337763
-0.0268367
-0.0631264
-0.0848293
-0.0573841
-0.0911862
-0.034944
-0.0571668
0.0473518
0.0215457
-0.0621025
0.0524222
0.00570729
-0.0901311
0.0326306
-0.09621
0.0159438
0.0686392
-0.0852793
0.00634033
0.0726397
0.0481008
0.0425656
0.0281741
0.0713546
0.0285777
-0.0461639
0.0284893
-0.0352113
-0.0645938
0.0733462
-0.0770626
0.0696543
0.0391053
-0.0243528
0.0524516
0.0645048
-0.00557369
0.0927087
0.0788785
0.0270587
0.0785647
-0.0746957
-0.0986223
-0.0986512
0.0780875
0.0498032
0.0691729
-0.0452511
-0.0215242
0.0836126
-0.0573837
-0.00891022
0.096348
-0.0278124
0.0892386
-0.0279134
0.0328124
-0.0367924
0.0896834
0.0136331
0.0071815
0.0833248
-0.0442018
0.0413093
0.0723185
-0.0297803
-0.0566722
0.0460389
-0.0550969
-0.0604741
0.0613622
-0.0807228
0.0940751
0.0218258
-0.068252
-0.0432052
0.0315795
0.0360403
-0.0341885
-0.0834022
-0.0306695
0.0817598
-0.0128967
0.0657983
0.0939963
-0.0234922
-0.0523086
-0.00286068
0.0620289
0.0839508
-0.083031
0.0533743
0.0963715
-0.0964918
-0.0178849
-0.0143991
0.0202246
-0.0546951
-0.0531403
-0.0800245
-0.0754693
-0.00112647
-0.033293
-0.0386173
0.0283371
0.00737781
0.0604625
0.00987375
0.0478778
-0.0621523
0.020211
0.0995942
-0.0674101
0.0202524
-0.0118194
-0.0598012
-0.051294
-0.0204141
-0.0789649
-0.040983
-0.0347093
0.0314946
-0.0294552
0.00339466
-0.0359015
-0.0715316
0.0358432
0.0880445
-0.0220345
-0.00380008
-0.0595272
0.0477427
0.0739969
0.0175682
0.019716
0.0458907
-0.0471807
0.0684497
0.00173806
0.0650697
0.0272862
-0.0427523
0.0438151
0.0363794
0.0787007
0.0888376
-0.08869
0.100149
-0.0690103
0.031909
0.00607549
-0.0737695
-0.0729092
0.0952596
-0.0314175
-0.0295476
-0.0513835
-0.0355709
-0.0550004
0.0996368
0.0954689
-0.0455996
-0.0429761
-0.0243031
-0.0888924
-0.0897704
0.0882532
0.00735946
-0.0152927
-0.0257677
-0.0933906
0.0774396
-0.0907251
-0.00515146
-0.00245543
-0.0563352
-0.0846887
-0.00816412
-0.0449468
0.00264745
0.0959139
-0.0162788
-0.057974
0.0683263
-0.0893135
-0.062541
-0.0642164
0.0806977
-0.0897317
-0.0517256
-0.0575481
-0.059932
0.0996424
-0.0366477
-0.0163458
-0.0250537
-0.0733553
-0.0947597
0.0624113
-0.0557807
0.0251419
-0.00394249
-0.00612432
-0.0798333
-0.0167435
-0.00582326
-0.0404868
-0.0384489
-0.0519533
-0.0980356
-0.0589804
-0.0959002
0.0031301
-0.0544574
-0.000238237
0.0942699
-0.0504828
0.00538211
-0.0177458
0.0399625
-0.0925301
0.078196
-0.00720798
-0.0044021
-0.0225138
0.0969281
-0.0892023
0.0628394
8.2219e-05
-0.0057739
0.0379203
-0.0353119
0.0827783
0.0960413
0.0893655
0.0844419
-0.0780604
-0.0610583
-0.0949365
0.0208363
-0.0178107
-0.00964541
-0.0922574
0.0497081
0.0925703
-0.0877948
-0.00143934
-0.0293374
0.0887829
0.0668238
-0.0487154
-0.0485703
-0.098631
-0.0901039
0.0874108
-0.011919
0.0915371
0.0299936
0.0559602
0.0456085
-0.0587609
0.0982041
-0.0877864
-0.0523049
0.0718743
-0.0734881
-0.0904097
0.0349881
-0.0180546
-0.0327598
-0.0795472
0.0188376
-0.0353594
0.0445914
-0.0674533
0.0124562
0.00771094
-0.0667932
0.0441349
-0.0502809
0.0654134
-0.0945664
-0.09725
-0.0557427
0.0619045
0.0710913
-0.0931005
-0.0800386
0.0389589
0.0677493
-0.0451023
-0.0369513
0.0539056
-0.0982461
-0.0989822
0.0715812
0.0434921
0.0715539
-0.0661117
-0.0447083
0.0706389
0.0847854
0.0416857
-0.014126
0.0797698
-0.0749376
-0.0364079
0.0565748
0.0970655
-0.087512
0.0478787
0.0694298
-0.0360242
-0.0430286
0.096902
0.0387377
0.0480517
-0.0611498
0.0531081
-0.0815098
-0.0632984
0.0491769
-0.0874388
0.0547633
-0.0047577
-0.0778491
0.00577751
0.0135131
0.00607769
0.0323423
-0.0629771
-0.0976393
-0.0402025
-0.0186095
0.0332844
0.0164054
0.0635626
-0.0701867
-0.0370995
-0.0203616
-0.0719452
-0.0714972
0.0618208
0.0317562
-0.0824694
-0.022712
0.0297475
0.0410016
-0.0989296
0.0793496
0.0754726
-0.0895411
0.0183131
-0.0773223
0.0605515
-0.017855
-0.0728459
-0.0856309
0.00161174
0.050105
0.0204144
0.0984045
-0.0297415
-0.0991299
-0.0230436
0.068979
0.093723
-0.0652196
0.0977419
0.049058
0.0261395
-0.0309504
-0.0176714
0.0290272
-0.0580929
-0.0605349
-0.00316154
0.082015
0.0443577
-0.0886755
-0.0597464
0.0856396
0.0395824
-0.0473504
0.0412931
0.0255335
-0.0675698
0.0822208
-0.0639821
-0.0659786
0.0438159
0.0578598
-0.00430172
0.0784562
0.0230322
-0.0654462
-0.0951343
-0.0323186
-0.0588344
0.0144899
0.0800763
-0.0537678
0.0902457
0.0914582
0.0239735
0.0323226
-0.0557071
0.0660212
0.0257922
0.098763
-0.0727761
0.0941053
0.0378563
0.0996569
-0.0858176
-0.000285927
0.047731
-0.0887814
0.080733
-0.0522373
0.0365773
0.0373405
0.00159968
-0.0527714
-0.00109827
0.0285228
0.0023312
0.0621508
-0.0266823
-0.0776046
0.0290439
-0.0660837
-0.00696835
-0.0727926
0.00287524
0.0434572
-0.0580059
-0.0816073
0.0094039
0.00462423
0.00955215
0.00167979
-0.0630063
0.00128401
-0.0147055
-0.00542878
-0.0522908
-0.0454427
0.0702806
-0.051322
0.085508
0.00703272
0.0692566
0.0587791
0.043319
-0.0124338
0.0869442
-0.0410319
0.0974765
0.00658745
0.0518112
0.0456175
0.0777703
0.0126942
0.0579255
-0.0920663
-0.0449927
0.0841366
0.0132545
0.0118663
-0.0699479
0.0548774
-0.0826463
0.0127358
0.0332391
0.0590452
0.0523605
0.0363897
-0.0688979
0.00419631
-0.00815932
0.0424482
0.022927
0.0496429
-0.042516
0.0185014
0.0430382
0.0248184
0.0603827
0.0106843
-0.0208494
-0.0791099
0.0347042
-0.0710766
0.00647552
0.00069353
0.0697826
0.0795117
-0.00355652
-0.054899
-0.0468859
-0.0368497
-0.000123787
-0.0515152
-0.00366921
-0.0345658
-0.0513805
0.0643475
-0.0496185
-0.0366615
-0.0413695
-0.0490935
0.0151221
-0.0462423
0.0412451
0.000815276
0.0391827
0.0657022
-0.0835225
-0.094573
0.0426807
0.0416377
0.0749355
-0.00148072
0.0755565
-0.0699456
0.000174805
-0.0641065
-0.0617621
-0.0907217
0.0258149
-0.0879783
-0.0791622
-0.0823659
-0.0966816
0.0108693
0.0625562
0.0626
0.0134433
0.0461145
-0.0735295
-0.0732566
-0.0966955
0.0871534
-0.0443064
0.0308562
-0.0940976
-0.0270313
0.0848898
-0.0213508
0.0821718
-0.0374764
-0.016336
-0.0209966
-0.0272575
0.0515601
0.0685269
0.000594135
-0.061883
-0.0772304
-0.0505491
0.0302001
-0.067974
0.0793336
-0.0834788
-0.0174048
0.060245
-0.0393966
0.0158485
-0.0164951
-0.0328375
-0.0399469
0.0524503
-0.061183
-0.0936298
-0.0262074
-0.0766035
0.0978963
0.0814275
0.0845714
0.0121244
0.05001
-0.00721114
0.0603277
-0.0537921
0.0972454
0.0562936
-0.0961934
-0.0280267
-0.00248033
-0.0225615
0.0679622
-0.0709815
0.0296102
-0.092585
0.0124083
-0.0205386
0.0522345
0.0986871
0.0346376
0.086481
0.032811
0.0799844
-0.0045851
0.0784712
-0.0305021
0.0315485
0.0273675
0.0691988
0.0740008
-0.0721956
-0.0998489
-0.0820805
0.0827017
-0.0871103
-0.015437
0.0548661
0.0395519
0.0586376
0.018196
0.0294256
-0.0715278
-0.0838607
-0.0326462
0.0656727
0.0852018
0.0950945
0.0879229
-0.0181371
0.0414008
-0.0371611
-0.047097
-0.0458473
-0.0923537
0.0470063
0.0444169
-0.0900849
0.0690222
-0.0944337
-0.0500458
-0.0287172
0.0334183
0.0390998
-0.0321718
-0.0585654
-0.092351
-0.0868093
0.0679952
0.00051616
-0.0856436
0.0568465
0.00251591
-0.0969052
0.0917128
-0.010984
-0.0907252
0.0580879
0.0152305
-0.094645
0.00652673
0.0683885
0.0901724
-0.00169953
0.0245612
-0.0403492
0.0614268
0.0762463
0.0638595
0.0995468
0.0224985
-0.0572617
-0.0171694
0.0818885
-0.0997406
0.025757
-0.0609682
0.029872
-0.00623769
-0.0478504
0.0238249
0.0623207
0.0360399
0.068088
-0.0741799
-0.052055
0.0180765
0.0994822
-0.0150765
-0.00115589
-0.00448101
-0.0312952
-0.0307355
-0.0473017
-0.0914987
0.00125388
-0.0509998
0.0556639
0.0863679
0.0397393
0.0167752
-0.0324766
-0.0966492
-0.0748632
-0.0744288
-0.010884
-0.0722545
-0.0467442
0.038823
-0.0219125
-0.0458432
-0.0520625
-0.033747
-0.0101128
-0.0930412
0.0213324
-0.0302197
0.0610051
0.0113267
0.0453531
-0.0509102
-0.0522029
0.0227909
0.0922535
0.0917899
-0.0207182
-0.0503176
0.0789631
-0.0585916
0.0246327
-0.0153514
-0.0210549
-0.0646141
-0.0355232
0.0870432
0.03051
-0.0641629
0.0656337
-0.0678334
0.0615118
-0.0922428
-0.0725339
0.0806318
0.0601157
-0.0277972
0.037544
-0.011577
-0.0807805
0.088944
0.0600513
0.0891104
0.0399563
0.0755862
-0.0230026
-0.00238306
-0.084004
0.088457
-0.00755245
0.0611576
0.0181088
-0.0986129
-0.0444856
0.032783
0.0553312
0.0109811
-0.0440121
-0.0799701
-0.0439773
0.0318977
0.02642
0.0482214
-0.07187
-0.0558925
-0.031047
0.0761836
-0.085223
-0.014046
0.0549516
-0.0747483
0.0182209
-0.0370468
0.056523
-0.00268658
0.00393009
0.0193815
0.0102216
0.0998338
-0.0387233
-0.0584094
0.0387954
-0.0636938
-0.0692507
-0.024963
-0.0270927
-0.0904306
0.050695
-0.076887
-0.0597162
-0.0497334
-0.0114808
0.070038
0.0657866
0.0472588
-0.0758987
0.0358203
0.0881946
-0.0455618
0.0725824
-0.0102416
0.0809153
0.00859651
0.0456178
0.0220215
-0.0829742
-0.0798469
-0.0552157
-0.0486115
-0.0404183
0.0949396
0.0552749
0.0495951
-0.0722605
-0.0317591
-0.0351836
0.0514985
-0.0644517
0.029443
-0.0321486
0.0969682
0.0696501
0.0220202
0.091806
-0.051129
-0.0733047
-0.0960825
-0.0572381
-0.0952312
0.048755
-0.0742025
0.0353678
0.0990077
0.0678799
-0.0615005
0.06658
-0.0353252
-0.0178144
-0.0858026
0.0759239
-0.0266285
0.05059
0.0896804
-0.079705
0.0727252
-0.0751694
-0.0819664
0.0564924
0.0610257
0.0539791
0.0381994
-0.0735236
-0.00572027
0.0691965
0.0283549
-0.0346789
-0.0748313
0.0715297
0.0474875
-0.0505584
0.00525865
0.0216527
0.08779
-0.00975133
0.0824724
0.0970872
0.0402851
0.0189578
-0.0128151
0.0644762
-0.0668168
0.0827357
-0.0374017
0.0897122
0.0312153
-0.0394219
-0.038674
-0.0891836
0.0544705
0.0361205
-0.011204
0.0665624
-0.036119
-0.0618755
0.0479289
0.0779318
-0.00469025
0.0283856
-0.0878255
0.0621441
0.0852318
-0.0123229
-0.0422222
0.0286805
0.0114609
0.0838371
0.0311102
0.0386942
0.0396201
0.054122
0.0994219
0.0684943
0.00945757
0.0545599
-0.0369697
-0.0600158
0.0314951
0.0014243
-0.0696389
-0.0901792
-0.0919592
-0.0525306
-0.0635664
0.0556948
0.0752126
-0.0542705
0.0530965
0.0327612
-0.00560549
0.0526179
0.0465585
-0.00554931
0.0948635
-0.00683339
0.00821549
-0.070085
0.0954051
0.0926849
-0.0179674
0.0597484
-0.0575373
-0.0695822
0.0146785
-0.0776441
0.0878828
-0.0715878
0.0589005
-0.0185732
0.0806099
-0.0980764
-0.0183803
0.0484399
-0.095136
-0.0642809
0.0351771
-0.0705707
-0.0187254
0.00609394
0.0444826
0.00168799
0.0917137
0.03107
-0.0124927
0.0290638
-0.0979584
-0.0303717
-0.0411045
0.0979092
0.0940595
0.0302886
-0.0879342
0.033614
-0.0264023
0.0698965
0.0603151
-0.0706314
0.039298
0.0483762
0.0545381
0.033038
0.0847567
-0.0515291
-0.0137135
-0.0568123
-0.0952197
-0.0191011
0.0990468
-0.0398014
0.0170022
-0.0347399
-0.0978625
-0.0690788
0.0220975
-0.034635
-0.0282923
0.0362587
0.0987239
0.0692969
0.0202623
-0.0767943
-0.0354382
-0.0681567
0.0726333
-0.0487965
-0.033308
-0.0691675
0.0213348
0.00447778
0.0784147
0.0108755
-0.0937931
0.0708806
0.0904589
-0.0499732
-0.0953272
-0.0978153
-0.0526094
-0.0822433
0.0414586
0.0730933
-0.0710855
0.0884393
-0.00308403
-0.0397946
-0.0837028
-0.0273387
-0.000908508
-0.0663786
-0.0236756
0.0551777
-0.0299058
-0.0686839
0.0100197
0.0211295
0.0523727
0.0213595
-0.0794766
-0.033898
-0.0571363
-0.0849706
0.0256551
-0.0933557
0.0683079
-0.0199069
-0.0876224
0.0696984
0.0209743
0.0553268
0.063058
-0.006501
0.0800035
0.0903633
-0.0387486
0.0674505
0.0916355
0.032825
-0.0662079
-0.0855615
0.0762938
-0.0762005
0.0472074
0.0698288
-0.0950312
-0.0952332
0.0828239
0.0211561
-0.050574
0.00931851
-0.0321553
0.0559248
0.0702651
0.0909494
-0.050882
-0.0920526
-0.0464853
-0.0959095
-0.0218448
0.0558335
0.0219675
0.0478016
-0.0722612
-0.0656587
-0.0933316
-0.0612262
0.0657503
0.0129798
0.0655692
-0.0986506
0.0918401
0.0618875
-0.0841298
0.0822867
0.0391039
0.076315
-0.0686569
-0.0128068
0.0996152
-0.0542436
-0.0150277
-0.0375043
0.0434451
-0.0588309
0.0205224
0.0788453
-0.0719605
-0.0219697
-0.0748256
0.0594642
0.00518833
-0.0918065
0.0685682
0.081256
-0.083355
0.0967186
0.0286233
-0.0173225
-0.0894904
0.0473983
0.00831804
0.0866141
0.0707138
0.012907
-0.0766928
0.0652239
0.00166158
0.0726067
-0.0470154
0.0154912
0.0367829
-0.0673437
0.051062
0.0232588
-0.0890487
-0.0722638
-0.0677858
0.0148177
-0.0798899
-0.093704
0.0109789
0.0821897
-0.0347128
0.0872462
0.0148306
0.010566
-0.0794592
0.075102
-0.0497859
0.0440799
-0.0699366
0.0115767
0.0254533
0.0472715
-0.0509235
0.0631362
0.0903698
0.0476859
-0.0535039
0.0103077
-0.0698352
-0.00771147
-0.0493289
-0.0259889
0.0228051
0.0266108
0.0539396
0.0308613
-0.0985672
0.0185078
0.00400724
0.0346104
0.0664475
-0.0874182
0.0809785
0.0138947
-0.0390828
0.0946173
-0.041884
0.0652123
-0.0235559
-0.0158972
0.0448225
-0.0979866
-0.0895909
-0.0511826
0.0338595
-0.0784491
-0.0752858
-0.0381348
0.086797
-0.0216076
-0.029261
-0.0414729
0.0148294
0.0529929
0.0236444
-0.0594097
-0.0800396
0.0792906
0.0127723
-0.0369009
0.0521097
-0.0528999
0.0507994
-0.0662392
-0.0715726
0.0289424
0.0346693
-0.0366816
0.0878155
-0.088457
0.0151094
0.00613915
-0.0680152
0.0244003
0.0304302
-0.0162943
-0.097285
-0.0684775
-0.0808739
0.0696082
0.0750059
-0.0647391
0.0256482
0.0204515
0.0372307
0.0511595
-0.0616885
-0.0358192
0.0620789
-0.0972898
-0.0506301
0.064858
-0.00516184
-0.0290757
0.0654096
0.0648968
-0.0488416
0.0901253
0.0235296
0.0966382
-0.0552928
-0.0511758
-0.048245
0.0475598
-0.0602186
0.073737
-0.0215047
-0.0919144
-0.0778706
-0.00150166
-0.0754604
0.0326938
0.0974937
0.00787207
-0.0396882
-0.0521285
0.0491391
0.0130905
-0.090907
-0.00107616
0.0521186
-0.0826185
-0.0984883
0.00592288
0.0844521
-0.0641475
-0.0262497
0.058818
-0.0309977
0.086841
-0.00790539
-0.0850589
0.0757917
0.00551914
0.0875854
0.0452563
0.02597
-0.0569224
-0.0643143
-0.0686641
-0.00317356
0.028061
-0.0364364
-0.0920352
-0.0375805
-0.0291131
-0.0520478
0.0645545
0.0772997
0.0514814
0.0392908
0.031048
0.0931976
-0.0839057
-0.0777258
0.0612832
0.0558196
0.0571102
0.0330017
0.0957662
-0.0758658
0.0501541
-0.0979902
-0.0106124
0.0393125
0.0567381
0.0474762
-0.0732183
0.039715
0.0612583
-0.0304775
0.0213502
0.0214947
0.0204339
0.0435826
0.064303
0.0576154
-0.084704
0.0609231
-0.0385782
0.0685193
0.0102509
0.0561013
-0.0327774
-0.0900137
-0.0697278
-0.0219026
-0.094101
0.0944974
-0.0538108
-0.0156147
-0.0388924
-0.057449
0.0580626
0.0522387
0.0907085
-0.0768064
0.0372068
0.0448983
0.0892505
-0.0344887
0.0740426
-0.0700546
-0.0978776
0.0122219
-0.0100378
0.0124335
0.00913916
0.034069
0.0396654
-0.0834199
-0.0619569
-0.0312934
-0.0256761
0.0101682
0.0921701
-0.0418041
0.0600941
0.0770967
-0.0728891
-0.0724979
0.0130331
0.0628199
-0.0404817
-0.00554511
-0.0618529
-0.0751406
0.058699
0.0708113
-0.0431371
0.0650237
-0.042115
-0.0724742
-0.0859298
0.00348395
-0.0728727
-0.0707014
0.0367002
0.00455874
0.0369699
0.0928995
0.0953452
-0.0818209
0.0906373
0.0089911
0.0950313
0.00236837
-0.039257
-0.0576777
0.0110411
-0.0112327
0.0418255
0.0393511
-0.00184866
0.0245469
-0.0783113
0.0764738
0.00407707
0.000833367
0.0392761
0.0979795
-0.0485047
0.0700359
0.00411582
0.043214
-0.0040859
-0.0603725
0.0871116
-0.0283976
0.0556517
-0.0303744
-0.0620497
0.0888387
-0.0400384
-0.0286429
-0.0142811
-0.0061909
0.0184293
0.0755773
-0.0607014
0.0285055
0.0388261
-0.0976054
0.0880027
-0.0815688
-0.0964548
-0.0981179
0.0273056
0.0533512
0.0966367
0.0575521
0.0378375
0.0223067
-0.0287098
0.062053
0.0729713
-0.0337335
-0.028468
0.02369
-0.0263362
-0.0494723
-0.0170823
0.0992439
-0.0480693
0.0148419
0.0708155
0.0977077
-0.055842
0.000848463
0.0896535
0.0597953
0.00399302
-0.0354112
0.0956278
0.0935433
-0.0704732
-0.0780824
-0.0804452
-0.00435955
-0.0644196
-0.0534369
-0.0163262
0.0655887
-0.026194
-0.0528353
-0.0708366
0.0131607
-0.0375283
0.0830099
0.0687422
0.0182197
-0.00532072
0.0953725
0.0573812
-0.0328196
-0.0230568
-0.0152627
-0.0950937
0.0196228
0.0470464
0.0253885
-0.0689271
-0.0830567
-0.0566704
0.0291159
0.0294269
0.0972858
0.0233584
-0.00706946
-0.0646125
0.0308136
-0.0555858
-0.0597642
-0.0681893
-0.0306692
-0.00215957
-0.0539228
-0.0671697
-0.00291793
-0.0428494
-0.0678511
0.0534578
0.0752048
0.0700879
0.0937577
0.0784303
0.0562711
-0.0482005
0.0973049
0.0848859
-0.0238238
-0.0882261
0.0916408
-0.086413
-0.0496902
0.0959152
-0.0785464
0.0328884
-0.0317527
-0.0992063
-0.0147466
0.0228412
-0.0425018
0.0139518
0.0457954
-0.0722561
-0.0036511
0.0889877
-0.0411272
0.0652283
0.00684712
0.0048705
0.000112314
0.0453137
-0.0409464
-0.0582202
0.0292365
-0.0643499
0.0224243
-0.0262338
0.0782579
0.0163224
0.0476862
-0.0687147
-0.040139
-0.0666807
-0.0326336
0.0325714
-0.0411084
-0.0499085
0.0171068
-0.0203519
-0.0600983
-0.0317078
-0.0440883
0.0172518
-0.0982283
-0.00674485
0.0505172
0.0804127
0.0666975
-0.0333716
0.095602
0.0204573
0.0494299
-0.07667
-0.0219277
-0.0203069
0.0557971
0.043595
-0.0365745
0.0507669
-0.00137503
0.0423072
-0.0941905
-0.0858279
0.0585482
-0.0778152
0.0318902
0.0620135
-0.0713054
-0.0502673
0.0191107
0.0478409
0.04502
0.0305828
-0.012215
-0.048889
0.0779463
0.0704056
0.0246006
0.0711913
0.0241218
0.0419685
0.0128351
0.0864835
0.0466841
-0.00223902
-0.0451164
-0.0808716
0.0717484
-0.0325639
-0.052609
-0.090607
0.00686197
-0.0918399
-0.0444505
-0.0116889
-0.0638763
-0.00938399
0.0685357
-0.0124654
-0.0707736
0.0527125
0.0359069
-0.040355
0.0310219
0.0903074
0.0431012
-0.0962074
-0.0476463
-0.0850761
-0.00591112
-0.0200365
0.0815562
0.00170977
-0.0444178
-0.030039
0.0802454
0.0878134
0.0830265
-0.0382067
-0.073167
0.0267665
0.0895494
-0.0644115
-0.0124315
0.0825527
-0.0599496
-0.0913651
0.071974
-0.0703805
0.0849912
0.063007
0.0209672
0.0311173
-0.0651018
0.0218778
0.0360971
-0.0564399
-0.0530378
-0.0903695
0.0622808
0.023818
-0.0502363
0.0755935
0.074423
-0.0305859
0.0884639
-0.00379665
0.0632644
0.0286564
-0.0638371
-0.0824727
0.0540717
-0.0356759
-0.0362264
-0.0967661
0.069197
0.0707363
0.0396185
0.0899708
0.0317386
0.0696633
0.0847534
-0.00799098
0.0840548
-0.0254552
-0.0816045
0.0909187
0.0337154
-0.0311083
0.0272607
-0.0948236
0.068873
-0.089316
-0.0398136
-0.0379484
-0.0464227
0.0569288
0.0673517
-0.0295564
0.0430017
0.0741387
-0.0658404
-0.0552615
-0.00448544
0.0306055
-0.0850756
-0.00261213
0.0143259
0.00184837
-0.0994134
0.0494964
-0.0696954
-0.0289875
0.0297
0.00422445
0.00437697
0.0249409
0.0431203
0.0108739
-0.0438167
-0.0836115
0.0625658
0.069909
-0.057243
0.00377684
-0.0839965
0.0971622
-0.0657039
0.076635
-0.0537415
0.0755368
0.022607
0.0713043
-0.000384074
-0.0311194
-0.0706158
-0.0322351
0.0367553
0.00254921
0.0303933
0.0161445
0.0731942
-0.0567668
0.0569398
-0.095078
-0.049629
0.0264789
-0.0725088
0.0729519
-0.0636619
-0.0928935
-0.0277063
-0.0214837
0.0110018
0.039035
-0.0483988
-0.0631781
0.0813918
-0.0593242
0.0363145
-0.00318593
0.0850727
0.0222205
0.0162675
0.06945
-0.0179062
-0.0463209
-0.0666853
-0.074583
0.0771111
0.0484039
0.0659715
-0.0304377
-0.0943545
0.0978722
-0.0146981
0.0664973
0.0487334
-0.0908276
-0.0748108
0.0806946
0.0159518
-0.0578991
-0.0685307
-0.0978974
-0.0544924
-0.0777243
0.0164875
-0.0179868
-0.0374577
-0.0984707
0.0469717
0.0911639
0.0649133
-0.0308114
-0.0454962
0.0171078
-0.00389391
-0.0198995
0.0382195
-0.0300193
0.0446802
-0.0162861
-0.0443833
-0.0542369
0.011301
0.0991629
0.0454328
0.0664823
-0.0544689
-0.0695844
-0.0212925
-0.0314977
-0.0519545
0.0384121
0.0913041
0.0267932
-0.0812593
0.0911421
-0.0801451
-0.0676278
-0.0716408
-0.0821219
-0.0546201
0.0596188
0.0926756
-0.0722717
0.0609139
-0.0521039
0.0758207
0.0940946
0.0278891
-0.090529
0.00191487
-0.00907026
0.00342916
0.0522162
0.0584944
-0.0727422
0.0514536
0.0212544
-0.0157915
-0.0334496
0.0082532
-0.0210485
-0.060909
-0.0752818
0.0492799
-0.0771623
0.00217644
-0.0140043
-0.0139409
-0.0909766
-0.0804713
0.037652
0.0632777
0.0538464
0.104006
0.0438973
0.107813
-0.0446273
0.10015
-0.034472
0.0532504
0.0995321
0.0657284
-0.054774
-0.0149457
0.0556331
0.0320163
0.103509
0.0523613
-0.021206
-0.0894811
-0.060719
0.0472612
-0.00319035
-0.0464254
-0.0586042
0.0716971
-0.0227249
-0.0643585
0.0887136
-0.0525957
-0.0123756
-0.000693591
0.0753632
0.0201093
-0.0531335
0.0575863
-0.0569598
0.106592
-0.055003
0.0668284
-0.0122924
-0.0311466
0.0206399
0.037289
0.101054
0.0186598
-0.00402578
0.0784705
-0.0275379
0.00571599
-0.0534061
0.069598
0.0615542
0.0645639
-0.0150025
-0.0341678
0.0593418
-0.0661494
-0.049647
-0.0107296
-0.0245258
0.0923255
-0.0219527
-0.07481
-0.0163941
-0.0506031
0.0757091
-0.0732979
0.0549116
0.0316703
-0.0341508
-0.0259708
0.0173605
0.0694762
0.090036
0.00905868
0.0630357
-0.0136987
-0.0825565
0.0821639
-0.0599156
0.0591223
0.000961456
0.0277402
-0.00850252
0.0139259
-0.0304183
0.0303228
0.0572525
0.0862616
0.0790936
-0.0038746
0.0700307
0.0617958
-0.0513756
-0.0364937
-0.054824
0.00778947
0.055529
0.105052
-0.0862215
-0.0487685
0.079779
-0.0542918
0.0536985
-0.0818398
0.0923555
-0.0512859
-0.0370886
0.0355895
0.00975624
0.0798229
-0.0439976
0.0301272
-0.0202734
-0.00968016
0.0311104
0.0941103
0.0126129
-0.0745848
0.0534992
-0.0607563
0.0365805
-0.0509269
-0.0675411
-0.0813595
-0.0948906
0.093013
0.00775498
-0.0893916
0.0941999
-0.0833359
-0.0314302
-0.0373595
0.0564677
-0.00927592
-0.05541
0.0559836
0.0740157
0.0999348
0.0494607
-0.0455427
0.0475887
-0.102717
-0.0966815
-0.0666546
-0.0879299
-0.0489836
0.068786
-0.00354617
-0.064739
0.109154
0.0741456
0.0124628
0.0379912
0.0716836
0.0092571
0.0520665
0.0930568
0.101478
0.0287554
-0.0494412
0.106779
0.000515836
-0.0249869
0.0945542
-0.0849363
0.00165636
0.0534877
0.0940991
0.0257409
-0.0581069
0.0809649
0.0362054
-0.006854
-0.0861585
0.0804305
0.0521737
-0.00710979
0.0405011
-0.0757933
-0.0135331
-0.052163
0.0160488
0.0248343
-0.00848417
-0.0851463
-0.073067
-0.0907577
-0.0160331
0.0534614
-0.0226339
-0.0430013
0.0725102
0.0557041
0.0581472
-0.0896256
-0.00493909
-0.0430491
0.0439076
0.0035169
0.0338479
0.0105194
-0.0989728
-0.0257135
0.0731751
0.0311745
0.0564992
-0.00387142
-0.0544476
0.0812877
0.0645876
0.0980726
-0.0492665
0.0649699
-0.088156
0.0512704
0.0767443
0.0964052
-0.0537013
0.0752061
0.0864697
-0.0262067
-0.0202524
-0.0227801
-0.0951277
-0.0615915
-0.0745508
0.0615402
0.095388
-0.0236844
0.0771674
0.0708597
-0.00715901
-0.030114
-0.0332181
-0.0821732
0.0989279
0.0262164
0.0569944
0.0847485
-0.00175866
-0.0627052
0.0268623
-0.0992636
-0.0952259
-0.0350431
-0.0906591
0.0256778
-0.02516
0.0720818
-0.00968912
0.0389455
-0.0391277
0.0316924
-0.0571368
-0.0254708
0.02471
0.0747065
-0.0184286
-0.0212203
0.0871539
-0.0337263
0.0147118
-0.0732852
-0.013769
0.0730893
0.0686649
0.0196648
0.0385348
0.0238874
0.0562474
-0.0577415
0.0189348
-0.00415586
-0.0146467
-0.0688699
-0.0220657
-0.0559319
0.0287972
-0.0162442
0.100795
-0.0831107
0.088081
0.0426127
0.0643642
0.0222424
0.0508792
-0.0557758
-0.0751346
-0.0415491
0.0567976
0.0070763
-0.0671222
-0.0912741
-0.0493876
-0.0200452
0.00866113
0.0768417
-0.0315458
-0.034633
0.0100417
0.0888022
-0.0270712
-0.0503555
-0.017745
0.0054982
0.0857453
-0.0577528
-0.00271976
-0.04857
-0.0506278
0.09555
0.106864
-0.066422
-0.00585032
0.0276315
0.0513036
-0.0839464
0.0163784
-0.0929449
0.0867369
0.0600935
-0.101007
0.0272136
-0.0738763
-0.0389507
0.0565091
-0.0912968
0.0501181
-0.0190137
-0.0551144
-0.0571924
-0.0849682
-0.000168815
-0.0767855
-0.0481247
0.0325245
0.079106
-0.0519975
-0.0477011
0.0737167
-0.0288988
0.00064398
0.0830193
0.0281028
0.0880356
0.0309046
-0.0733978
-0.0965606
0.0544768
0.0370949
-0.0900093
0.0139951
0.0836683
-0.047714
-0.0859124
0.0130279
-0.0104519
0.0670366
-0.0955387
0.0778305
0.0653191
-0.00530112
-0.0598552
0.0815002
0.0147866
0.0124428
0.0773368
-0.0789997
0.0690698
0.0194134
0.0141577
-0.0802258
0.0523725
0.0280608
0.0520472
0.0194969
-0.0297161
0.0995867
0.0329485
0.0418384
-0.0804422
0.078221
0.0539651
-0.0912407
-0.0436923
-0.0415612
-0.0174428
-0.01508
0.0476014
0.0826987
-0.0579043
0.0852518
-0.0197141
-0.0920963
-0.00926321
-0.062192
-0.0910322
-0.0761236
0.0608824
0.0940288
-0.0739237
0.0671818
-0.0961698
-0.0257812
0.0439034
0.0261498
-0.0814377
-0.00025448
-0.0430005
0.043114
-0.0924193
-0.0311281
-0.0355709
0.0366759
0.0319949
0.0408166
-0.08878
0.0803292
0.0340127
0.0035202
-0.06059
0.00392265
-0.019021
-0.0137012
-0.0165511
-0.0813364
-0.0316202
-0.0232176
0.0950294
0.0210347
0.0554095
0.0495394
0.0475096
0.00490848
0.0222422
-0.0387433
0.0744921
0.0550589
-0.0708933
-0.020448
-0.0904088
-0.00698473
0.0753852
-0.0633577
0.0928483
0.0843331
-0.0301019
0.061338
0.01865
-0.0565098
-0.0342061
-0.0757712
0.057011
0.0632218
-0.0333189
-0.0260217
0.0627411
-0.0320529
0.0033157
-0.0358987
0.0183027
-0.0666142
0.070181
-0.0573982
-0.0488008
-0.074766
0.0843163
-0.0217323
-0.0303648
-0.0774046
-0.0682643
-0.0332497
-0.0400719
0.0707097
0.10102
0.088396
0.0394739
0.0470596
-0.0937463
0.0489918
0.0934192
0.0778727
0.0669733
0.0919029
0.0216175
0.0598959
0.0496638
0.0974539
0.0537504
0.00484443
0.0293562
0.0667621
-0.0589666
-0.0417759
-0.0734159
0.0668924
-0.00366
-0.00134498
0.0673487
0.0233576
-0.0277484
0.048663
-0.06498
0.0675898
-0.0623804
-0.0764651
0.0804852
0.0976187
0.0298159
0.00708288
0.0375542
-0.0292415
0.105765
0.0538187
0.00070946
0.0344774
0.0644161
0.0372003
-0.0968263
-0.011906
-0.0905542
-0.0232549
0.092793
0.0194002
0.0634525
-0.00326549
-0.0596434
0.0137011
0.0514416
-0.0235514
0.0119057
0.0845088
0.0170626
-0.055295
0.0833834
-0.00955273
0.0795665
0.00711529
0.0545735
-0.0219594
-0.0662711
0.0331523
0.00945871
-0.017337
0.0375995
0.0016513
-0.0735035
0.0301358
0.0484871
-0.0635306
-0.039727
0.0695084
0.063066
0.0697674
-0.0452528
-0.00984786
0.0810231
-0.0807475
-0.0763382
-0.0451031
-0.0779722
-0.023258
-0.0852632
0.0952067
0.0363447
-0.0320447
-0.054021
-0.0578244
0.0346834
-0.00301479
0.0477031
0.0745536
0.0424359
0.0613451
0.000383915
0.00180515
-0.0273172
-0.0218443
-0.0571132
0.0516044
0.0805398
-0.0823898
0.0923097
0.0767873
-0.0312737
0.060365
-0.0245582
0.0890202
0.0895305
0.0372057
0.0622911
-0.0210259
0.080734
-0.0986982
0.0836993
-0.0248273
-0.0238835
0.0976076
-0.0113684
-0.0131544
-0.0860855
0.0121846
0.045746
-0.0487257
-0.00268833
0.07333
-0.0813678
0.070821
-0.0509
-0.0539566
-0.0903511
0.0386043
-0.0103865
-0.0872086
0.0268385
-0.0719093
0.0900666
0.0246753
0.00932095
-0.0088489
-0.0670184
0.0693513
-0.0770302
-0.0946121
-0.0661733
-0.0333956
0.049641
0.0037043
-0.0890237
-0.0955023
0.0872024
0.0967281
0.0299186
-0.0847093
-0.0411838
0.0912248
-0.0293582
-0.0292182
-0.0428824
-0.0227718
0.0376152
0.00646526
0.0339392
0.00450598
0.0363207
0.0291834
0.0820285
0.00548194
-0.000265493
-0.0635142
-0.0496128
0.0115691
-0.0888431
-0.0226157
-0.0870859
-0.0839258
-0.0085131
-0.00732432
-0.0778529
-0.0952252
0.075808
-0.0604559
0.0168703
-0.0662079
-0.0226604
-0.000114246
0.0105806
0.0702282
-0.0291931
-0.0781874
-0.0501616
0.0567092
-0.0225244
0.00157536
-0.0263287
-0.0488315
0.0147189
0.0675805
0.0772486
-0.0889593
0.0801853
0.069661
0.0358399
0.0190548
0.0877256
0.0416088
-0.0618261
-0.0395712
0.0305491
-0.0476307
-0.0282768
-0.0161647
-0.073307
-0.041993
0.0325567
-0.00972327
0.0459636
-0.0706106
0.00593794
0.0887793
0.0438173
0.0551124
0.0893612
-0.0573004
0.101934
-0.0842635
0.0767316
-0.0577023
-0.0646884
-0.0431268
0.0488295
0.0519285
0.0908372
-0.0469144
0.013115
-0.000406047
0.0350106
0.0195051
0.031467
-0.0431412
0.0288145
0.0479799
-0.0304278
-0.0636921
0.0148419
0.0331384
0.0190151
-0.00706592
-0.055288
0.0660069
0.0490913
0.0827024
-0.0909101
0.0929902
0.0606999
0.0107611
-0.0745915
-0.0372251
-0.0726569
0.0672759
0.0311697
0.0254451
-0.0573114
-0.10519
-0.045918
0.0941803
0.0290094
0.0980784
-0.0955571
0.0677553
-0.0304215
-0.0643888
0.0261197
-0.0509419
-0.0422542
-0.0705651
0.0660026
-0.0443951
0.0632417
-0.0939031
-0.0932865
-0.0416114
0.073874
0.0506731
0.101072
0.0148464
0.012894
-0.0158018
0.103692
0.0751645
0.00105973
-0.0730668
-0.078244
-0.0616217
-0.000625892
0.0802873
0.0845165
-0.0259908
0.0798573
-0.0878747
-0.0907929
0.0289674
0.0812182
-0.00486619
-0.08052
0.0609898
0.0322532
0.00863279
0.0201974
0.000638852
0.000241329
0.00358319
-0.0372796
-0.0355953
0.0915209
0.0240857
-0.0336315
-0.0786337
0.100205
-0.0855556
-0.0239289
0.0417462
-0.0131261
-0.020145
-0.0895725
-0.0452516
-0.0155772
0.00640697
-0.0902808
0.0181167
-0.0481373
-0.0199125
-0.0651026
0.0734254
0.0672996
-0.04872
0.0738598
-0.0941092
-0.00577612
0.0787622
0.0779706
0.099207
0.0355722
-0.0454618
0.0768442
-0.0586141
0.0689414
-0.0830163
0.00553631
-0.062238
0.0449559
-0.0806487
-0.0715398
-0.0594425
0.070885
-0.0816751
0.0100277
-0.00445248
0.0558856
-0.0311317
0.0227941
-0.0171441
0.0305925
0.0059114
0.0765607
0.0407122
-0.0146148
0.0324914
-0.0506215
0.0346393
-0.0964483
-0.0186025
0.0383513
0.000877868
-0.0944258
-0.0515282
0.0339093
0.0132057
-0.0665717
0.00240685
0.0607805
-0.0849579
0.0782261
0.00204267
0.0107045
0.0613518
-0.0286079
-0.00181696
0.0885688
0.000906236
-0.0153282
0.0134013
-0.078004
0.0744143
0.047497
0.0177159
-0.0448921
-0.0796326
-0.0776173
-0.0647996
-0.0754086
-0.0734007
0.0350923
-0.0541644
0.0950334
0.0443026
-0.0157518
-0.0148685
-0.00591126
0.090403
-0.0503299
0.0483
0.0420784
-0.0436213
-0.0860652
0.0886339
0.0568832
0.0929012
0.0385447
-0.040412
0.0673818
0.0613409
-0.0722663
-0.0581587
-0.0273066
-0.0173855
0.039935
0.0702866
0.0181774
0.0293725
0.0238329
0.033724
-0.0580229
0.0746972
0.00753106
-0.060408
0.0937347
-0.072629
0.0833971
0.106503
0.040141
0.0764631
0.0653353
0.0864137
-0.0303806
-0.0438428
0.0464398
-0.052327
0.098111
0.0480406
0.0626984
0.00138834
-0.00699117
-0.0593329
-0.0415393
0.0268801
0.0310626
0.0864324
0.0941927
0.0731733
-0.020961
0.00892564
-0.015977
0.0594967
0.00900073
0.0119834
-0.0166463
-0.0610543
-0.0745004
-0.0224263
-0.0553478
-0.0561376
0.0985265
-0.040292
-0.0531112
-0.00179578
0.0136347
0.0454827
0.094966
0.00767789
-0.0393926
-0.0480715
0.0985671
-0.0158583
0.0915558
0.0865502
0.0876292
-0.0760447
0.0702058
0.036426
0.105036
0.0179413
-0.0376999
0.0121636
0.0814445
-0.0278971
-0.00861431
-0.0400395
-0.0204288
-0.0864719
0.084167
-0.00892846
-0.034436
0.00367719
-0.0413161
-0.0380021
0.0493955
0.0264261
0.0154685
-0.0375202
0.00364336
-0.0636748
0.0899325
0.102766
0.0661512
-0.024799
0.0593019
0.0610888
0.00413658
0.054593
0.0906992
0.07085
0.0243148
-0.0657226
-0.0758788
-0.0415189
-0.00419897
0.0471661
0.0450172
0.0685652
0.0434422
-0.0199444
-0.0439895
0.00253265
0.0758797
-0.0527962
0.0104228
0.0411223
0.109466
-0.0482154
0.0200073
-0.0318098
0.0367971
-0.0701845
-0.0771662
0.012177
0.0672475
0.0248333
0.0437874
-0.00390542
-0.0830344
-0.0721635
-0.0516608
-0.0328627
-0.043057
0.0710981
-0.0228009
-0.0118673
-0.000888453
-0.056584
-0.0240715
-0.0396905
-0.0857972
0.0560323
0.0374136
-0.0684053
-0.0286188
-0.0629863
0.0310177
0.0327323
-0.0777496
0.0751082
0.0310939
-0.0323518
-0.0792966
0.054054
0.00659692
-0.0565393
-0.0271374
-0.0724068
0.089216
0.0939948
0.0491336
-0.0703283
-0.0398934
0.0252219
0.0446661
0.0461362
0.0785786
0.0546134
-0.0623582
0.0562152
0.000857701
0.0528189
0.109389
0.0749851
0.0131712
0.02781
0.068459
-0.0681584
-0.00241956
-0.020423
0.0222876
-0.0110778
-0.0789364
-0.00227327
-0.0330513
-0.0862726
0.024691
0.0743163
-0.00619297
0.0270456
0.07274
-0.0712342
0.105365
-0.0094014
-0.0279913
0.0133809
-0.0522163
0.0326352
0.0763843
0.0122628
0.0392599
-0.0584628
0.0277915
0.0839468
-0.0132931
0.106381
0.0431248
-0.0883804
-0.040987
0.0394728
-0.0579589
-0.0172851
0.0628316
-0.0510088
0.0169765
0.0322827
0.0783491
-0.0513002
0.106744
-0.0870938
0.104718
0.0125361
-0.069341
0.0422509
-0.00215567
-0.00170104
-0.0019557
0.0181231
-0.0452677
-0.0167129
-0.0344912
0.05757
0.0283996
-0.0527298
-0.0520861
0.0431384
-0.0476634
-0.040291
0.00319596
0.0458586
-0.065671
-0.0404965
-0.0530219
0.000250053
0.0053991
0.02748
0.032898
0.00670455
0.0286167
0.0863788
0.0964364
0.099158
-0.0802233
0.0732019
-0.0233069
-0.0427567
0.0961172
-0.0674736
0.0324301
-0.0843755
0.0781293
-0.01328
0.0837717
-0.0108896
-0.00112616
-0.0745162
-0.0374798
-0.0190469
-0.0523177
0.0920003
-0.0453288
-0.0869406
0.00289649
-0.0382992
0.0292007
-0.017588
0.0754805
-0.0421608
0.103532
-0.0411821
0.051146
0.108136
-0.0866503
0.0510946
-0.0293537
-0.0288846
0.0231166
0.0840909
0.027477
-0.0274577
0.106298
0.0825069
0.0279106
0.0539698
-0.0880684
0.0517036
-0.0119177
-0.0677214
-0.0641624
-0.0076668
0.0599962
-0.0444282
0.0609154
0.0697803
-0.020545
-0.0816667
0.0635477
-0.0906796
0.0654645
-0.041931
0.0889955
-0.0339954
0.0446444
-0.0713325
-0.0334852
0.0704437
-0.0665056
0.105211
-0.0343721
0.0143517
-0.00916359
0.0537841
0.0768147
0.0494492
-0.0851352
-0.0279378
0.0878274
0.0350969
-0.0301571
-0.071417
0.0540351
-0.0576266
0.0953121
-0.0694811
0.017792
0.0208387
-0.0529911
0.0977269
0.0533297
0.050002
0.0240763
-0.0166856
-0.0893062
-0.00177947
0.102385
0.0850379
-0.0493718
-0.0474041
0.0687138
-0.0351533
-0.0485011
-0.0708987
0.0447544
-0.0513968
-0.0521387
0.0655081
0.0451171
0.069326
0.0806787
0.0291682
-0.0838664
-0.0301473
-0.00772414
-0.0146177
0.0879044
-0.0904939
-0.0415762
0.0862952
0.0713075
0.0411264
0.0408813
0.022174
0.102119
-0.0141648
0.00651712
0.0956062
-0.0520824
-0.0737175
0.00104802
0.0518043
0.0929485
-0.0084791
0.0974343
0.0750659
0.00209267
-0.0429551
-0.0468692
0.00856532
-0.0346287
0.0972523
-0.0649997
0.0410823
-0.00425807
0.0820325
-0.0529457
0.00434495
-0.0439381
0.0777018
0.0693519
0.0491625
-0.0825589
-0.0772564
-0.0464181
0.0782497
0.00439724
0.0368213
-0.0555988
-0.0128249
-0.0011765
-0.0297357
0.0194448
-0.0557341
0.000856482
0.054905
0.0834274
-0.0871989
0.104977
-0.00905499
0.0112715
-0.00106309
0.0937835
0.0830106
0.062483
0.0965621
-0.0722759
0.0220944
-0.0890169
0.0304487
0.0391252
-0.0535391
-0.0221794
-0.0245763
-0.0425185
0.101927
0.0575554
0.100021
-0.0328792
0.0723619
0.0155714
-0.00991673
0.0133254
-0.0173412
-0.0169802
-0.0313891
0.071992
0.0427709
-0.0374716
-0.0785841
-0.0781386
0.059362
-0.0179843
-0.0099473
0.0141237
-0.0415646
0.0215716
-0.0157885
-0.0194329
0.0495461
-0.0707434
0.00455733
-0.0222304
0.0490052
-0.0126945
0.0360826
0.0258714
0.0708534
0.0758167
0.00691488
0.0489414
-0.033142
0.0330044
0.0353082
-0.0907867
-0.0402623
0.0524598
0.0316179
-0.0202364
-0.0458082
0.0747266
0.0655378
-0.00220353
0.105107
0.0380433
-0.0719167
0.0583469
-0.0711426
-0.0505773
-0.0248717
-0.0458737
0.0812411
0.00754329
-0.0364513
0.043407
-0.0866801
0.0553374
0.0674673
0.0710068
-0.00869997
-0.0802872
-0.0607653
0.00491558
-0.0551574
0.101557
-0.0131599
-0.0789359
-0.054933
-0.0103073
0.0352296
0.0171019
-0.000121906
0.0361894
0.0917748
-0.0146518
0.0144314
-0.0558235
0.00233643
-0.0741834
-0.0113372
-0.00491261
-0.0151685
-0.0786041
-0.0108271
-0.0697837
0.0847014
0.0102152
-0.0464956
-0.0651446
0.0603096
-0.0676739
0.0113142
-0.0294342
-0.00245359
0.099964
0.0130458
0.0209451
0.0185257
-0.0080283
0.103197
0.0403125
0.085069
0.0387067
-0.016243
0.0939955
-0.00746558
0.0250794
0.0693732
0.00753363
-0.0131429
-0.0696615
-0.0755579
-0.0105371
-0.0747902
-0.0634095
0.0250521
0.0483357
-0.0762543
0.0869127
0.0875135
0.0509703
0.022256
0.0300046
0.0313645
0.00889332
0.0719528
-0.0789615
-0.0781895
-0.0601997
-0.0318484
-0.0839295
-0.00683527
0.0541097
-0.0205173
-0.0134225
0.107003
-0.0673338
0.0752719
-0.0472569
-0.00965762
0.0492906
-0.0802646
0.0530148
-0.0287643
0.0949218
0.058786
-0.0102228
-0.0101574
-0.023789
-0.0239759
0.01468
0.00546409
0.0554644
0.0493426
-0.0219707
0.0466261
-0.0814365
-0.0454284
0.0419376
0.0896811
-0.0411449
-0.0621622
0.0699698
-0.0885251
-0.0754356
0.0459653
0.0816524
0.0499116
0.0168377
0.019974
0.0643636
0.0835487
0.0702379
0.016229
0.0981921
-0.0425797
-0.0868277
0.0253475
0.0406964
0.108192
0.0074638
-0.0577823
0.0346624
-0.010421
-0.0605865
-0.00346541
0.0636683
-0.0373069
-0.044624
-0.0669321
-0.0279812
0.105546
-0.025248
0.0915668
0.0954913
0.0157475
0.015281
-0.0641487
-0.00980299
-0.035622
0.0704299
0.00194707
0.0338223
-0.0653721
0.0729882
0.0589252
0.0814441
-0.0851536
-0.0292883
0.0315057
0.011656
-0.0800847
0.0241242
0.0315513
0.0454019
-0.0496448
-0.0772339
-0.0666298
0.0940574
0.100778
0.10393
0.105483
0.0438769
-0.0761652
-0.0373253
-0.0640982
-0.0366309
-0.0162221
-0.0163127
0.00421636
0.06432
0.0355043
0.104757
0.0117914
-0.0786252
0.0428691
0.0417738
-0.0144318
0.0980429
0.0707445
0.0532323
-0.00252345
0.110415
-0.0828985
-0.0548895
-0.0446462
0.00396742
0.0891063
-0.0138117
-0.0260199
0.0466205
-0.0793238
0.0581238
0.0750508
0.0999308
0.00820232
-0.0750457
0.0604258
0.0156245
0.0643121
0.0810556
0.102795
0.0442487
0.10765
-0.0431117
0.0984941
0.0495344
0.0824855
0.0529642
0.0977016
-0.0240087
-0.0339776
0.0239936
-0.0516328
-0.00238024
-0.0267561
0.019444
-0.0416977
-0.0830109
0.0473411
-0.0635532
-0.0132585
0.00418596
0.00346754
-0.079728
-0.0430481
0.0668335
0.0899825
-0.0726008
0.0199898
-0.00121148
0.0744468
-0.007726
-0.0806634
0.0351625
-0.0702741
-0.0219395
0.10702
0.016456
0.0490348
-0.0394643
0.0207011
-0.0512155
-0.00421475
0.0223423
0.108382
0.0729021
-0.0730361
-0.0703658
0.0757304
0.0742537
0.0274687
0.074019
0.0899374
0.0286617
0.0423562
0.0706082
0.0299918
0.0223233
0.0484655
0.0198156
0.0559306
0.0512564
0.0977617
-0.085141
0.0105921
-0.0476395
-0.00626227
0.0867141
-0.0803919
0.000863773
-0.0720701
0.056952
0.0984792
0.0585473
0.0167145
0.0201947
-0.027439
0.0274416
-0.0549706
-0.022826
-0.0807592
0.0708937
-0.0478029
-0.0533555
0.0745521
0.106091
-0.00270637
-0.0822943
-0.0503297
0.0615032
-0.000802609
-0.0241495
0.0545223
0.0217562
0.0378718
0.0815971
-0.0333654
0.10254
0.0860814
0.0591492
-0.0425154
-0.030504
0.0745786
0.102944
0.0425164
0.0420351
-0.0208375
0.0244592
-0.0714821
0.0323094
0.0549227
0.0126045
0.0445543
0.0775426
-0.00441682
0.0921609
0.0488766
-0.0527325
0.106238
0.0782565
0.0449546
-0.00220943
-0.0416369
-0.0607709
0.073517
-0.0365126
-0.0307599
0.0605871
0.0326301
0.0558933
-0.05054
0.0239697
0.0765745
-0.065944
-0.0837963
0.0752812
0.0503104
0.0913824
-0.0695259
-0.0835783
0.0226376
-0.0608079
0.100942
0.0142053
0.0697929
-0.0548247
0.0879294
-0.00147548
0.0806423
0.0155995
-0.0838709
-0.00805097
-0.0755184
0.0863574
-0.031936
0.0494448
0.0154959
0.0850401
-0.0294389
